max_d = 1.205111 mm

max_plane_d = 0.839230 mm

mean_d = 0.649985 mm

mean_plane_d = 0.254484 mm

weighted_max_mean_d = 0.788766 mm

Final_w_T_p = 
0.999649	-0.026053	0.000191	522.065809
0.026038	0.999604	0.011281	-164.598576
-0.000527	-0.011298	0.999895	315.299232
0.000000	0.000000	0.000000	1.000000

max_d = 1.205111 mm

max_plane_d = 0.839230 mm

mean_d = 0.649985 mm

mean_plane_d = 0.254484 mm

weighted_max_mean_d = 0.788766 mm

Final_w_T_p = 
0.999649	-0.026053	0.000191	522.065809
0.026038	0.999604	0.011281	-164.598576
-0.000527	-0.011298	0.999895	315.299232
0.000000	0.000000	0.000000	1.000000

max_d = 1.131241 mm

max_plane_d = 0.392612 mm

mean_d = 0.608094 mm

mean_plane_d = 0.105983 mm

weighted_max_mean_d = 0.738880 mm

Final_w_T_p = 
0.999141	-0.040726	-0.005910	523.636383
0.040754	0.999155	0.006547	-165.715100
0.005597	-0.006807	0.999920	314.105638
0.000000	0.000000	0.000000	1.000000

max_d = 1.067388 mm

max_plane_d = 0.395063 mm

mean_d = 0.606082 mm

mean_plane_d = 0.099267 mm

weighted_max_mean_d = 0.721409 mm

Final_w_T_p = 
0.999767	-0.020861	-0.002694	521.855632
0.020859	0.999785	0.003101	-164.371732
0.002587	-0.003182	0.999950	314.131040
0.000000	0.000000	0.000000	1.000000

