max_d = 1.179910 mm

max_plane_d = 0.443436 mm

mean_d = 0.609528 mm

mean_plane_d = 0.136027 mm

weighted_max_mean_d = 0.752124 mm

Final_w_T_p = 
0.999295	-0.036205	-0.005773	523.092502
0.036184	0.999356	0.002373	-166.481504
0.005673	-0.002621	0.999969	313.707569
0.000000	0.000000	0.000000	1.000000

max_d = 1.179910 mm

max_plane_d = 0.443436 mm

mean_d = 0.609528 mm

mean_plane_d = 0.136027 mm

weighted_max_mean_d = 0.752124 mm

Final_w_T_p = 
0.999295	-0.036205	-0.005773	523.092502
0.036184	0.999356	0.002373	-166.481504
0.005673	-0.002621	0.999969	313.707569
0.000000	0.000000	0.000000	1.000000

max_d = 1.082695 mm

max_plane_d = 0.313678 mm

mean_d = 0.586544 mm

mean_plane_d = 0.101960 mm

weighted_max_mean_d = 0.710582 mm

Final_w_T_p = 
0.999418	-0.032585	-0.005974	522.705084
0.032589	0.999462	0.006453	-165.810902
0.005751	-0.006686	0.999950	314.112247
0.000000	0.000000	0.000000	1.000000

max_d = 1.080129 mm

max_plane_d = 0.372471 mm

mean_d = 0.592990 mm

mean_plane_d = 0.114832 mm

weighted_max_mean_d = 0.714775 mm

Final_w_T_p = 
0.999783	-0.018916	-0.002893	521.401310
0.018900	0.999816	0.006276	-164.674293
0.002764	-0.006371	0.999965	314.405278
0.000000	0.000000	0.000000	1.000000

