max_d = 1.167774 mm

max_plane_d = 0.411766 mm

mean_d = 0.592991 mm

mean_plane_d = 0.117760 mm

weighted_max_mean_d = 0.736687 mm

Final_w_T_p = 
0.999692	-0.022543	-0.003538	521.904015
0.022615	0.999743	0.004821	-164.735774
0.003468	-0.004880	1.000017	314.215253
0.000000	0.000000	0.000000	1.000000

max_d = 1.167774 mm

max_plane_d = 0.411766 mm

mean_d = 0.592991 mm

mean_plane_d = 0.117760 mm

weighted_max_mean_d = 0.736687 mm

Final_w_T_p = 
0.999692	-0.022543	-0.003538	521.904015
0.022615	0.999743	0.004821	-164.735774
0.003468	-0.004880	1.000017	314.215253
0.000000	0.000000	0.000000	1.000000

max_d = 1.013293 mm

max_plane_d = 0.276429 mm

mean_d = 0.588871 mm

mean_plane_d = 0.094544 mm

weighted_max_mean_d = 0.694976 mm

Final_w_T_p = 
0.999553	-0.027889	-0.004575	522.506665
0.027984	0.999577	0.009184	-164.508546
0.004356	-0.009288	0.999982	314.577324
0.000000	0.000000	0.000000	1.000000

max_d = 1.130179 mm

max_plane_d = 0.353818 mm

mean_d = 0.603620 mm

mean_plane_d = 0.101984 mm

weighted_max_mean_d = 0.735259 mm

Final_w_T_p = 
0.999796	-0.017605	-0.002218	521.412238
0.017670	0.999843	0.004612	-164.025640
0.002176	-0.004631	1.000022	314.365432
0.000000	0.000000	0.000000	1.000000

