max_d = 1.203239 mm

max_plane_d = 0.295106 mm

mean_d = 0.570611 mm

mean_plane_d = 0.078012 mm

weighted_max_mean_d = 0.728768 mm

Final_w_T_p = 
0.999918	0.007157	-0.005653	475.771638
-0.007080	0.999974	0.007733	-142.152441
0.005683	-0.007742	0.999986	311.265190
0.000000	0.000000	0.000000	1.000000

max_d = 1.042674 mm

max_plane_d = 0.259468 mm

mean_d = 0.567980 mm

mean_plane_d = 0.062181 mm

weighted_max_mean_d = 0.686654 mm

Final_w_T_p = 
0.999914	0.008297	-0.004743	475.776963
-0.008233	0.999974	0.006536	-141.998921
0.004772	-0.006546	0.999999	311.280124
0.000000	0.000000	0.000000	1.000000

max_d = 1.062434 mm

max_plane_d = 0.287174 mm

mean_d = 0.578286 mm

mean_plane_d = 0.082442 mm

weighted_max_mean_d = 0.699323 mm

Final_w_T_p = 
0.999951	0.002948	-0.002954	476.318771
-0.002907	1.000021	0.002975	-143.211674
0.002938	-0.003016	1.000023	311.204287
0.000000	0.000000	0.000000	1.000000

