max_d = 1.792054 mm

max_plane_d = 1.575319 mm

mean_d = 0.792078 mm

mean_plane_d = 0.438448 mm

weighted_max_mean_d = 1.042072 mm

Final_w_T_p = 
0.997809	-0.063386	-0.016385	525.248928
0.063641	0.997799	0.017036	-167.586132
0.015295	-0.018040	0.999757	313.947702
0.000000	0.000000	0.000000	1.000000

max_d = 4.242705 mm

max_plane_d = 4.114713 mm

mean_d = 1.240410 mm

mean_plane_d = 0.991601 mm

weighted_max_mean_d = 1.990984 mm

Final_w_T_p = 
0.990613	-0.136347	0.003009	531.955397
0.136290	0.990595	0.009216	-178.089380
-0.004210	-0.008718	0.999989	315.700366
0.000000	0.000000	0.000000	1.000000

max_d = 1.531648 mm

max_plane_d = 1.185317 mm

mean_d = 0.643496 mm

mean_plane_d = 0.190894 mm

weighted_max_mean_d = 0.865534 mm

Final_w_T_p = 
0.998926	-0.045270	-0.002171	524.143588
0.045271	0.998866	0.012646	-166.853006
0.001623	-0.012729	0.999954	315.400132
0.000000	0.000000	0.000000	1.000000

max_d = 1.248730 mm

max_plane_d = 1.021923 mm

mean_d = 0.644309 mm

mean_plane_d = 0.208349 mm

weighted_max_mean_d = 0.795414 mm

Final_w_T_p = 
0.998303	-0.057137	-0.005887	524.677590
0.057190	0.998239	0.013810	-167.953377
0.005115	-0.014122	0.999923	315.064110
0.000000	0.000000	0.000000	1.000000

