max_d = 1.263600 mm

max_plane_d = 0.678560 mm

mean_d = 0.642770 mm

mean_plane_d = 0.222442 mm

weighted_max_mean_d = 0.797978 mm

Final_w_T_p = 
0.999494	-0.029990	-0.004132	522.152821
0.030070	0.999539	0.006263	-163.836663
0.003981	-0.006365	1.000007	314.367073
0.000000	0.000000	0.000000	1.000000

max_d = 1.263600 mm

max_plane_d = 0.678560 mm

mean_d = 0.642770 mm

mean_plane_d = 0.222442 mm

weighted_max_mean_d = 0.797978 mm

Final_w_T_p = 
0.999494	-0.029990	-0.004132	522.152821
0.030070	0.999539	0.006263	-163.836663
0.003981	-0.006365	1.000007	314.367073
0.000000	0.000000	0.000000	1.000000

max_d = 1.076245 mm

max_plane_d = 0.253279 mm

mean_d = 0.575110 mm

mean_plane_d = 0.078561 mm

weighted_max_mean_d = 0.700394 mm

Final_w_T_p = 
0.999413	-0.032495	-0.004702	522.721376
0.032576	0.999464	0.005628	-165.824687
0.004556	-0.005758	1.000008	314.189322
0.000000	0.000000	0.000000	1.000000

max_d = 1.094913 mm

max_plane_d = 0.496268 mm

mean_d = 0.612574 mm

mean_plane_d = 0.143633 mm

weighted_max_mean_d = 0.733158 mm

Final_w_T_p = 
0.998954	-0.044184	-0.006443	524.064488
0.044342	0.998886	0.016889	-164.438327
0.005728	-0.017137	0.999872	315.258752
0.000000	0.000000	0.000000	1.000000

