max_d = 1.380904 mm

max_plane_d = 1.154614 mm

mean_d = 0.742486 mm

mean_plane_d = 0.390631 mm

weighted_max_mean_d = 0.902090 mm

Final_w_T_p = 
0.998454	-0.054430	-0.005968	525.487533
0.054479	0.998406	0.012670	-168.312283
0.005296	-0.012974	0.999938	314.592033
0.000000	0.000000	0.000000	1.000000

max_d = 1.380904 mm

max_plane_d = 1.154614 mm

mean_d = 0.742486 mm

mean_plane_d = 0.390631 mm

weighted_max_mean_d = 0.902090 mm

Final_w_T_p = 
0.998454	-0.054430	-0.005968	525.487533
0.054479	0.998406	0.012670	-168.312283
0.005296	-0.012974	0.999938	314.592033
0.000000	0.000000	0.000000	1.000000

max_d = 1.092774 mm

max_plane_d = 0.367974 mm

mean_d = 0.621809 mm

mean_plane_d = 0.114971 mm

weighted_max_mean_d = 0.739550 mm

Final_w_T_p = 
0.999771	-0.018949	-0.002322	521.477569
0.018936	0.999783	0.004366	-163.883242
0.002266	-0.004408	1.000024	314.377815
0.000000	0.000000	0.000000	1.000000

max_d = 1.092774 mm

max_plane_d = 0.367974 mm

mean_d = 0.621809 mm

mean_plane_d = 0.114971 mm

weighted_max_mean_d = 0.739550 mm

Final_w_T_p = 
0.999771	-0.018949	-0.002322	521.477569
0.018936	0.999783	0.004366	-163.883242
0.002266	-0.004408	1.000024	314.377815
0.000000	0.000000	0.000000	1.000000

