max_d = 4.310478 mm

max_plane_d = 4.256573 mm

mean_d = 1.462948 mm

mean_plane_d = 1.238301 mm

weighted_max_mean_d = 2.174831 mm

Final_w_T_p = 
0.993960	0.109174	-0.007108	511.174253
-0.109025	0.993818	0.021749	-147.014624
0.009429	-0.020886	0.999727	314.964838
0.000000	0.000000	0.000000	1.000000

max_d = 4.310478 mm

max_plane_d = 4.256573 mm

mean_d = 1.462948 mm

mean_plane_d = 1.238301 mm

weighted_max_mean_d = 2.174831 mm

Final_w_T_p = 
0.993960	0.109174	-0.007108	511.174253
-0.109025	0.993818	0.021749	-147.014624
0.009429	-0.020886	0.999727	314.964838
0.000000	0.000000	0.000000	1.000000

max_d = 1.081757 mm

max_plane_d = 0.254398 mm

mean_d = 0.580641 mm

mean_plane_d = 0.076733 mm

weighted_max_mean_d = 0.705920 mm

Final_w_T_p = 
0.999366	-0.034297	-0.004973	522.925074
0.034291	0.999408	0.005960	-165.770392
0.004755	-0.006169	0.999959	314.212496
0.000000	0.000000	0.000000	1.000000

max_d = 1.187753 mm

max_plane_d = 0.767102 mm

mean_d = 0.625105 mm

mean_plane_d = 0.183490 mm

weighted_max_mean_d = 0.765767 mm

Final_w_T_p = 
0.999794	-0.018542	0.000456	521.469147
0.018505	0.999823	0.006367	-164.466786
-0.000584	-0.006399	0.999968	315.013498
0.000000	0.000000	0.000000	1.000000

