max_d = 1.688536 mm

max_plane_d = 1.604139 mm

mean_d = 0.842869 mm

mean_plane_d = 0.531813 mm

weighted_max_mean_d = 1.054285 mm

Final_w_T_p = 
0.997118	-0.074774	-0.011933	527.051323
0.074867	0.997163	0.008640	-169.511196
0.011211	-0.009534	0.999850	313.396763
0.000000	0.000000	0.000000	1.000000

max_d = 1.688536 mm

max_plane_d = 1.604139 mm

mean_d = 0.842869 mm

mean_plane_d = 0.531813 mm

weighted_max_mean_d = 1.054285 mm

Final_w_T_p = 
0.997118	-0.074774	-0.011933	527.051323
0.074867	0.997163	0.008640	-169.511196
0.011211	-0.009534	0.999850	313.396763
0.000000	0.000000	0.000000	1.000000

max_d = 1.140090 mm

max_plane_d = 0.643400 mm

mean_d = 0.631710 mm

mean_plane_d = 0.240522 mm

weighted_max_mean_d = 0.758805 mm

Final_w_T_p = 
0.999844	-0.016834	0.002160	521.770285
0.016811	0.999849	0.005911	-163.949344
-0.002301	-0.005899	0.999939	315.049233
0.000000	0.000000	0.000000	1.000000

max_d = 1.767753 mm

max_plane_d = 1.601742 mm

mean_d = 1.022126 mm

mean_plane_d = 0.770614 mm

weighted_max_mean_d = 1.208533 mm

Final_w_T_p = 
0.999761	0.017213	0.012476	519.649260
-0.017351	0.999805	0.010220	-157.049379
-0.012340	-0.010459	0.999829	316.346058
0.000000	0.000000	0.000000	1.000000

