max_d = 1.368547 mm

max_plane_d = 0.912130 mm

mean_d = 0.757522 mm

mean_plane_d = 0.401810 mm

weighted_max_mean_d = 0.910278 mm

Final_w_T_p = 
0.999553	-0.027138	-0.008006	521.830717
0.027270	0.999404	0.019805	-164.432608
0.007491	-0.020013	0.999808	315.110947
0.000000	0.000000	0.000000	1.000000

max_d = 1.368547 mm

max_plane_d = 0.912130 mm

mean_d = 0.757522 mm

mean_plane_d = 0.401810 mm

weighted_max_mean_d = 0.910278 mm

Final_w_T_p = 
0.999553	-0.027138	-0.008006	521.830717
0.027270	0.999404	0.019805	-164.432608
0.007491	-0.020013	0.999808	315.110947
0.000000	0.000000	0.000000	1.000000

max_d = 1.090177 mm

max_plane_d = 0.409758 mm

mean_d = 0.610679 mm

mean_plane_d = 0.139470 mm

weighted_max_mean_d = 0.730553 mm

Final_w_T_p = 
0.998559	-0.052438	-0.006253	524.644970
0.052464	0.998562	0.008033	-167.218151
0.005849	-0.008349	0.999984	314.223391
0.000000	0.000000	0.000000	1.000000

max_d = 1.115676 mm

max_plane_d = 0.362468 mm

mean_d = 0.600864 mm

mean_plane_d = 0.117414 mm

weighted_max_mean_d = 0.729567 mm

Final_w_T_p = 
0.999594	-0.026252	-0.005430	522.208923
0.026286	0.999570	0.010636	-164.307030
0.005175	-0.010774	0.999965	314.631257
0.000000	0.000000	0.000000	1.000000

