max_d = 3.654419 mm

max_plane_d = 3.588105 mm

mean_d = 1.572247 mm

mean_plane_d = 1.388966 mm

weighted_max_mean_d = 2.092790 mm

Final_w_T_p = 
0.999306	0.029882	-0.021693	518.667172
-0.029122	0.998970	0.034985	-155.341072
0.022675	-0.034357	0.999111	315.165311
0.000000	0.000000	0.000000	1.000000

max_d = 2.811933 mm

max_plane_d = 2.628604 mm

mean_d = 1.088929 mm

mean_plane_d = 0.828303 mm

weighted_max_mean_d = 1.519680 mm

Final_w_T_p = 
0.998836	0.047030	-0.009511	516.298600
-0.046834	0.998693	0.020852	-154.726439
0.010437	-0.020408	0.999696	314.810016
0.000000	0.000000	0.000000	1.000000

max_d = 1.333658 mm

max_plane_d = 1.179664 mm

mean_d = 0.744351 mm

mean_plane_d = 0.433743 mm

weighted_max_mean_d = 0.891678 mm

Final_w_T_p = 
0.999348	0.035255	0.005855	516.657262
-0.035254	0.999385	-0.001917	-159.042857
-0.005961	0.001685	0.999940	314.439105
0.000000	0.000000	0.000000	1.000000

max_d = 1.407730 mm

max_plane_d = 1.071809 mm

mean_d = 0.739684 mm

mean_plane_d = 0.364495 mm

weighted_max_mean_d = 0.906696 mm

Final_w_T_p = 
0.995680	-0.092031	-0.011394	529.825769
0.092292	0.995389	0.026364	-165.964918
0.008874	-0.027329	0.999546	315.683317
0.000000	0.000000	0.000000	1.000000

