max_d = 1.171974 mm

max_plane_d = 0.479809 mm

mean_d = 0.630105 mm

mean_plane_d = 0.216383 mm

weighted_max_mean_d = 0.765572 mm

Final_w_T_p = 
0.999113	-0.040655	-0.004961	523.503815
0.040733	0.999170	0.004846	-166.788064
0.004799	-0.005024	1.000011	314.182287
0.000000	0.000000	0.000000	1.000000

max_d = 1.171974 mm

max_plane_d = 0.479809 mm

mean_d = 0.630105 mm

mean_plane_d = 0.216383 mm

weighted_max_mean_d = 0.765572 mm

Final_w_T_p = 
0.999113	-0.040655	-0.004961	523.503815
0.040733	0.999170	0.004846	-166.788064
0.004799	-0.005024	1.000011	314.182287
0.000000	0.000000	0.000000	1.000000

max_d = 1.145226 mm

max_plane_d = 0.436227 mm

mean_d = 0.608273 mm

mean_plane_d = 0.100634 mm

weighted_max_mean_d = 0.742511 mm

Final_w_T_p = 
0.999045	-0.042077	-0.006471	523.882081
0.042198	0.999065	0.010567	-165.847540
0.006059	-0.010810	0.999958	314.461436
0.000000	0.000000	0.000000	1.000000

max_d = 1.053697 mm

max_plane_d = 0.288962 mm

mean_d = 0.596234 mm

mean_plane_d = 0.101469 mm

weighted_max_mean_d = 0.710600 mm

Final_w_T_p = 
0.999382	-0.033470	-0.004492	522.692526
0.033550	0.999432	0.005710	-165.704719
0.004337	-0.005837	1.000009	314.289796
0.000000	0.000000	0.000000	1.000000

