max_d = 1.190602 mm

max_plane_d = 0.533921 mm

mean_d = 0.591351 mm

mean_plane_d = 0.128907 mm

weighted_max_mean_d = 0.741164 mm

Final_w_T_p = 
0.999720	-0.022044	-0.002789	522.022168
0.022012	0.999772	0.000729	-165.457077
0.002762	-0.000831	0.999985	313.909383
0.000000	0.000000	0.000000	1.000000

max_d = 1.190602 mm

max_plane_d = 0.533921 mm

mean_d = 0.591351 mm

mean_plane_d = 0.128907 mm

weighted_max_mean_d = 0.741164 mm

Final_w_T_p = 
0.999720	-0.022044	-0.002789	522.022168
0.022012	0.999772	0.000729	-165.457077
0.002762	-0.000831	0.999985	313.909383
0.000000	0.000000	0.000000	1.000000

max_d = 2.307396 mm

max_plane_d = 2.173478 mm

mean_d = 1.013826 mm

mean_plane_d = 0.800952 mm

weighted_max_mean_d = 1.337218 mm

Final_w_T_p = 
0.990898	0.134092	0.008025	507.126277
-0.133776	0.990451	-0.033929	-150.505234
-0.012508	0.032508	0.999381	311.627463
0.000000	0.000000	0.000000	1.000000

max_d = 2.307396 mm

max_plane_d = 2.173478 mm

mean_d = 1.013826 mm

mean_plane_d = 0.800952 mm

weighted_max_mean_d = 1.337218 mm

Final_w_T_p = 
0.990898	0.134092	0.008025	507.126277
-0.133776	0.990451	-0.033929	-150.505234
-0.012508	0.032508	0.999381	311.627463
0.000000	0.000000	0.000000	1.000000

