				Final_w_T_p_1 						 						Final_w_T_p_2




data1

	mean100_max0

	0.999866	0.012888	-0.004725	475.212116			0.999895	0.010784	-0.003527	475.383888
	-0.012821	0.999920	0.007285	-141.320054			-0.010732	0.999955	0.005657	-141.879052
	0.004794	-0.007274	0.999994	311.341487			0.003563	-0.005668	1.000009	311.314452
	0.000000	0.000000	0.000000	1.000000			0.000000	0.000000	0.000000	1.000000

	mean90_max10

	0.999927	0.006709	-0.004443	475.909800			0.999915	0.008221	-0.004748	475.776880
	-0.006651	0.999990	0.005852	-142.190771			-0.008154	0.999969	0.007229	-141.826917
	0.004457	-0.005872	1.000004	311.245979			0.004782	-0.007240	0.999994	311.349618
	0.000000	0.000000	0.000000	1.000000			0.000000	0.000000	0.000000	1.000000

	mean80_max20

	0.999924	0.006951	-0.004730	475.920913			0.999925	0.006758	-0.004787	475.900077
	-0.006891	0.999988	0.005921	-142.267836			-0.006693	0.999983	0.006801	-142.021631
	0.004746	-0.005938	1.000003	311.223148			0.004808	-0.006819	0.999997	311.306474
	0.000000	0.000000	0.000000	1.000000			0.000000	0.000000	0.000000	1.000000

	mean75_max25

	0.999914	0.008340	-0.004720	475.766597			0.999917	0.007988	-0.004692	475.771312
	-0.008277	0.999973	0.006620	-142.007764			-0.007920	0.999970	0.007453	-141.940432
	0.004750	-0.006630	0.999998	311.266410			0.004727	-0.007465	0.999993	311.372416
	0.000000	0.000000	0.000000	1.000000			0.000000	0.000000	0.000000	1.000000

	mean70_max30

	0.999918	0.007157	-0.005653	475.771638			0.999914	0.008297	-0.004743	475.776963
	-0.007080	0.999974	0.007733	-142.152441			-0.008233	0.999974	0.006536	-141.998921
	0.005683	-0.007742	0.999986	311.265190			0.004772	-0.006546	0.999999	311.280124
	0.000000	0.000000	0.000000	1.000000			0.000000	0.000000	0.000000	1.000000

	mean60_max40

	0.999951	-0.001034	-0.003870	476.796340			0.999951	-0.001034	-0.003870	476.796340
	0.001085	1.000017	0.004909	-143.366144			0.001085	1.000017	0.004909	-143.366144
	0.003840	-0.004963	1.000012	311.288912			0.003840	-0.004963	1.000012	311.288912
	0.000000	0.000000	0.000000	1.000000			0.000000	0.000000	0.000000	1.000000

	mean50_max50

	0.999945	0.004980	-0.002158	476.257584			0.999945	0.002194	-0.004992	476.373661
	-0.004940	1.000011	0.003451	-143.222066			-0.002125	0.999999	0.007477	-142.542394
	0.002151	-0.003490	1.000023	311.365821			0.004983	-0.007516	0.999991	311.306927
	0.000000	0.000000	0.000000	1.000000			0.000000	0.000000	0.000000	1.000000

	mean40_max60

	0.999949	0.001393	-0.004321	476.411427			0.999893	0.010325	-0.005139	475.624081
	-0.001331	1.000004	0.006944	-142.784797			-0.010247	0.999938	0.008740	-141.541854
	0.004306	-0.006988	0.999998	311.327267			0.005204	-0.008737	0.999980	311.457988
	0.000000	0.000000	0.000000	1.000000			0.000000	0.000000	0.000000	1.000000

	mean30_max70

	0.999936	0.005031	-0.004622	476.095353			0.999936	0.005031	-0.004622	476.095353
	-0.004972	1.000000	0.005742	-142.473857			-0.004972	1.000000	0.005742	-142.473857
	0.004626	-0.005769	1.000004	311.256884			0.004626	-0.005769	1.000004	311.256884
	0.000000	0.000000	0.000000	1.000000			0.000000	0.000000	0.000000	1.000000

	mean20_max80

	0.999916	0.008199	-0.004437	475.876258			0.999916	0.008199	-0.004437	475.876258
	-0.008139	0.999976	0.006355	-141.921284			-0.008139	0.999976	0.006355	-141.921284
	0.004464	-0.006368	1.000001	311.338546			0.004464	-0.006368	1.000001	311.338546
	0.000000	0.000000	0.000000	1.000000			0.000000	0.000000	0.000000	1.000000

	mean10_max90

	0.999638	-0.025143	-0.003040	479.660011			0.999943	0.002180	-0.005318	476.382642
	0.025159	0.999703	-0.004740	-147.015556			-0.002113	1.000005	0.006576	-142.623839
	0.003134	0.004613	1.000016	310.342520			0.005308	-0.006615	0.999996	311.225903
	0.000000	0.000000	0.000000	1.000000			0.000000	0.000000	0.000000	1.000000



data2

	mean100_max0

	0.999990	-0.002355	-0.004073	476.882227			0.999777	0.020818	-0.003982	474.424519
	0.002413	1.000029	0.003851	-143.811202			-0.020754	0.999809	0.005336	-140.553652
	0.004086	-0.003805	1.000010	311.074090			0.004115	-0.005196	1.000004	311.226852
	0.000000	0.000000	0.000000	1.000000			0.000000	0.000000	0.000000	1.000000

	mean90_max10

	0.999959	0.008008	-0.004579	475.801612			0.999964	0.007281	-0.004661	475.869545
	-0.007935	0.999986	0.006663	-141.993602			-0.007209	0.999993	0.006350	-142.087894
	0.004654	-0.006571	0.999993	311.295771			0.004729	-0.006260	0.999995	311.251349
	0.000000	0.000000	0.000000	1.000000			0.000000	0.000000	0.000000	1.000000

	mean80_max20

	0.999956	0.008368	-0.004702	475.752725			0.999971	0.006176	-0.004824	475.956017
	-0.008290	0.999977	0.007561	-141.850355			-0.006102	0.999999	0.006566	-142.328380
	0.004788	-0.007466	0.999986	311.382847			0.004886	-0.006480	0.999993	311.267589
	0.000000	0.000000	0.000000	1.000000			0.000000	0.000000	0.000000	1.000000

	mean75_max25

	0.999880	0.015111	-0.003975	475.096213			0.999961	0.007724	-0.004611	475.820487
	-0.015029	0.999879	0.009756	-140.558175			-0.007653	0.999992	0.006077	-142.136388
	0.004144	-0.009639	0.999970	311.702545			0.004680	-0.005986	0.999997	311.210040
	0.000000	0.000000	0.000000	1.000000			0.000000	0.000000	0.000000	1.000000

	mean70_max30

	0.999973	0.005806	-0.004777	475.977277			0.999973	0.005806	-0.004777	475.977277
	-0.005730	1.000000	0.006868	-142.062536			-0.005730	1.000000	0.006868	-142.062536
	0.004839	-0.006785	0.999991	311.257767			0.004839	-0.006785	0.999991	311.257767
	0.000000	0.000000	0.000000	1.000000			0.000000	0.000000	0.000000	1.000000

	mean60_max40

	0.999994	-0.002273	-0.003080	476.885439			0.999992	0.001049	-0.004231	476.493687
	0.002317	1.000037	0.000436	-144.029633			-0.000986	1.000027	0.004850	-143.320912
	0.003101	-0.000387	1.000021	310.874039			0.004259	-0.004790	1.000005	311.125578
	0.000000	0.000000	0.000000	1.000000			0.000000	0.000000	0.000000	1.000000

	mean50_max50

	0.999967	0.007477	-0.003661	475.899950			0.999977	0.005228	-0.004696	476.052492
	-0.007415	0.999998	0.005302	-142.520712			-0.005152	1.000001	0.007129	-142.124648
	0.003723	-0.005219	1.000005	311.359449			0.004756	-0.007049	0.999989	311.307176
	0.000000	0.000000	0.000000	1.000000			0.000000	0.000000	0.000000	1.000000

	mean40_max60

	0.999985	-0.001867	-0.005343	476.834631			0.999985	-0.001867	-0.005343	476.834631
	0.001940	1.000022	0.005691	-143.028438			0.001940	1.000022	0.005691	-143.028438
	0.005355	-0.005646	0.999995	311.073068			0.005355	-0.005646	0.999995	311.073068
	0.000000	0.000000	0.000000	1.000000			0.000000	0.000000	0.000000	1.000000

	mean30_max70

	0.999895	-0.012799	-0.006863	477.955604			0.999991	0.001400	-0.004384	476.494770
	0.012868	0.999950	0.003921	-144.711833			-0.001336	1.000026	0.004969	-143.184108
	0.006835	-0.003953	0.999995	310.781287			0.004414	-0.004907	1.000004	311.238655
	0.000000	0.000000	0.000000	1.000000			0.000000	0.000000	0.000000	1.000000

	mean20_max80

	0.999994	0.001446	-0.003617	476.467342			0.999987	0.000257	-0.005322	476.618518
	-0.001381	1.000019	0.006296	-142.970991			-0.000182	1.000020	0.006265	-142.779228
	0.003649	-0.006235	0.999999	311.460713			0.005346	-0.006208	0.999992	311.166097
	0.000000	0.000000	0.000000	1.000000			0.000000	0.000000	0.000000	1.000000

	mean10_max90

	0.999993	-0.001580	-0.003765	476.842868			0.999989	0.002583	-0.004279	476.328903
	0.001632	1.000035	0.002706	-143.886327			-0.002519	1.000024	0.005043	-142.958962
	0.003783	-0.002657	1.000015	311.121557			0.004314	-0.004976	1.000004	311.233930
	0.000000	0.000000	0.000000	1.000000			0.000000	0.000000	0.000000	1.000000



data3

	mean100_max0

	0.999851	0.013216	-0.004356	475.197045			0.999851	0.013216	-0.004356	475.197045
	-0.013239	0.999879	0.006251	-141.454165			-0.013239	0.999879	0.006251	-141.454165
	0.004423	-0.006174	0.999959	311.284165			0.004423	-0.006174	0.999959	311.284165
	0.000000	0.000000	0.000000	1.000000			0.000000	0.000000	0.000000	1.000000

	mean90_max10

	0.999915	0.007027	-0.003998	475.925684			0.999930	0.004593	-0.003971	476.210271
	-0.007054	0.999945	0.005676	-142.233268			-0.004625	0.999963	0.004910	-142.585663
	0.004022	-0.005629	0.999964	311.287877			0.003978	-0.004873	0.999968	311.206168
	0.000000	0.000000	0.000000	1.000000			0.000000	0.000000	0.000000	1.000000

	mean80_max20

	0.999925	0.004610	-0.004970	476.084670			0.999932	0.003469	-0.004558	476.229345
	-0.004628	0.999953	0.006648	-142.359300			-0.003497	0.999967	0.005067	-142.722367
	0.004985	-0.006606	0.999953	311.239789			0.004560	-0.005032	0.999964	311.157449
	0.000000	0.000000	0.000000	1.000000			0.000000	0.000000	0.000000	1.000000

	mean75_max25

	0.999918	0.006518	-0.004322	475.907066			0.999923	0.005057	-0.004901	476.048954
	-0.006538	0.999939	0.007112	-142.199254			-0.005072	0.999947	0.007230	-142.307027
	0.004353	-0.007065	0.999953	311.397876			0.004921	-0.007186	0.999950	311.338086
	0.000000	0.000000	0.000000	1.000000			0.000000	0.000000	0.000000	1.000000

	mean70_max30

	0.999903	0.008010	-0.005015	475.710598			0.999940	0.002033	-0.003477	476.421844
	-0.008021	0.999922	0.008000	-141.930296			-0.002074	0.999979	0.002906	-143.207106
	0.005063	-0.007940	0.999943	311.403879			0.003467	-0.002880	0.999977	311.118970
	0.000000	0.000000	0.000000	1.000000			0.000000	0.000000	0.000000	1.000000

	mean60_max40

	0.999908	0.007233	-0.005300	475.865548			0.999908	0.007233	-0.005300	475.865548
	-0.007253	0.999943	0.005779	-142.224366			-0.007253	0.999943	0.005779	-142.224366
	0.005326	-0.005722	0.999957	311.158947			0.005326	-0.005722	0.999957	311.158947
	0.000000	0.000000	0.000000	1.000000			0.000000	0.000000	0.000000	1.000000

	mean50_max50

	0.999900	0.008516	-0.004937	475.792379			0.999885	0.010769	-0.003077	475.412093
	-0.008539	0.999934	0.005634	-141.965198			-0.010794	0.999894	0.008187	-141.460182
	0.004969	-0.005572	0.999960	311.140552			0.003149	-0.008134	0.999949	311.674112
	0.000000	0.000000	0.000000	1.000000			0.000000	0.000000	0.000000	1.000000

	mean40_max60

	0.999919	0.004936	-0.005824	476.060931			0.999938	0.002734	-0.003564	476.253102
	-0.004942	0.999945	0.007531	-142.381114			-0.002762	0.999961	0.006468	-142.698872
	0.005846	-0.007483	0.999942	311.272190			0.003566	-0.006439	0.999960	311.474347
	0.000000	0.000000	0.000000	1.000000			0.000000	0.000000	0.000000	1.000000

	mean30_max70

	0.999911	0.007333	-0.004483	475.864511			0.999867	0.011879	-0.004483	475.392124
	-0.007351	0.999933	0.007241	-142.139079			-0.011885	0.999867	0.009884	-141.235147
	0.004520	-0.007189	0.999951	311.382801			0.004584	-0.009811	0.999929	311.623505
	0.000000	0.000000	0.000000	1.000000			0.000000	0.000000	0.000000	1.000000

	mean20_max80

	0.999897	0.009213	-0.004253	475.719593			0.999852	0.013345	-0.003802	475.324399
	-0.009236	0.999922	0.006622	-141.865776			-0.013364	0.999865	0.008052	-141.007389
	0.004298	-0.006564	0.999957	311.338304			0.003893	-0.007982	0.999948	311.541631
	0.000000	0.000000	0.000000	1.000000			0.000000	0.000000	0.000000	1.000000

	mean10_max90

	0.999887	0.009011	-0.006336	475.419147			0.999890	0.009723	-0.004541	475.683587
	-0.009020	0.999924	0.006572	-142.065541			-0.009740	0.999911	0.007424	-141.746899
	0.006379	-0.006496	0.999946	311.125916			0.004597	-0.007361	0.999950	311.407296
	0.000000	0.000000	0.000000	1.000000			0.000000	0.000000	0.000000	1.000000



data4

	mean100_max0

	0.999927	0.008402	-0.004637	475.743505			0.999939	0.007061	-0.004231	475.911855
	-0.008393	0.999942	0.006313	-142.041834			-0.007058	0.999958	0.005426	-142.312443
	0.004666	-0.006215	0.999988	311.245819			0.004245	-0.005338	0.999995	311.213370
	0.000000	0.000000	0.000000	1.000000			0.000000	0.000000	0.000000	1.000000

	mean90_max10

	0.999946	0.005485	-0.004821	476.007310			0.999954	0.003342	-0.005303	476.236499
	-0.005474	0.999962	0.006342	-142.296825			-0.003329	0.999973	0.006167	-142.588907
	0.004832	-0.006257	0.999987	311.233866			0.005299	-0.006090	0.999985	311.145213
	0.000000	0.000000	0.000000	1.000000			0.000000	0.000000	0.000000	1.000000

	mean80_max20

	0.999955	0.004706	-0.003869	476.074089			0.999958	0.003050	-0.004502	476.260562
	-0.004705	0.999973	0.005212	-142.760866			-0.003050	0.999983	0.004527	-142.844381
	0.003869	-0.005135	0.999997	311.278253			0.004491	-0.004454	0.999998	311.105804
	0.000000	0.000000	0.000000	1.000000			0.000000	0.000000	0.000000	1.000000

	mean75_max25

	0.999956	0.004384	-0.003740	476.151138			0.999938	0.007324	-0.003969	475.824250
	-0.004382	0.999972	0.005729	-142.817527			-0.007320	0.999954	0.005844	-142.344631
	0.003741	-0.005654	0.999995	311.352336			0.003987	-0.005756	0.999993	311.338492
	0.000000	0.000000	0.000000	1.000000			0.000000	0.000000	0.000000	1.000000

	mean70_max30

	0.999932	0.007751	-0.004667	475.772248			0.999920	0.009298	-0.004349	475.648852
	-0.007738	0.999944	0.006923	-141.983582			-0.009288	0.999931	0.006830	-141.990092
	0.004696	-0.006828	0.999983	311.334081			0.004388	-0.006731	0.999985	311.367401
	0.000000	0.000000	0.000000	1.000000			0.000000	0.000000	0.000000	1.000000

	mean60_max40

	0.999954	0.004025	-0.004664	476.142374			0.999892	0.011592	-0.005324	475.531383
	-0.004020	0.999976	0.005260	-142.707241			-0.011582	0.999915	0.005596	-141.764342
	0.004660	-0.005182	0.999994	311.182735			0.005364	-0.005476	0.999988	311.086851
	0.000000	0.000000	0.000000	1.000000			0.000000	0.000000	0.000000	1.000000

	mean50_max50

	0.999933	0.007313	-0.005209	475.800616			0.999942	0.005812	-0.005288	475.958643
	-0.007291	0.999939	0.007953	-142.195845			-0.005814	0.999975	0.003362	-142.583801
	0.005243	-0.007856	0.999973	311.369061			0.005283	-0.003272	0.999999	310.938796
	0.000000	0.000000	0.000000	1.000000			0.000000	0.000000	0.000000	1.000000

	mean40_max60

	0.999931	0.008562	-0.003255	475.893493			0.999900	0.011138	-0.004598	475.468725
	-0.008556	0.999932	0.007684	-141.565990			-0.011121	0.999904	0.008049	-141.806228
	0.003297	-0.007597	0.999983	311.619052			0.004663	-0.007938	0.999975	311.456558
	0.000000	0.000000	0.000000	1.000000			0.000000	0.000000	0.000000	1.000000

	mean30_max70

	0.999905	0.010240	-0.005606	475.611144			0.999905	0.010240	-0.005606	475.611144
	-0.010231	0.999932	0.005055	-141.779509			-0.010231	0.999932	0.005055	-141.779509
	0.005633	-0.004938	0.999990	311.039787			0.005633	-0.004938	0.999990	311.039787
	0.000000	0.000000	0.000000	1.000000			0.000000	0.000000	0.000000	1.000000

	mean20_max80

	0.999904	0.010796	-0.004525	475.531503			0.999848	0.013873	-0.007543	475.184330
	-0.010777	0.999903	0.008564	-141.404867			-0.013839	0.999876	0.007164	-141.759262
	0.004593	-0.008456	0.999971	311.493336			0.007617	-0.007000	0.999964	311.018200
	0.000000	0.000000	0.000000	1.000000			0.000000	0.000000	0.000000	1.000000

	mean10_max90

	0.999900	0.011172	-0.004617	475.585585			0.999950	0.005000	-0.004662	476.079616
	-0.011151	0.999898	0.008624	-141.274191			-0.004989	0.999964	0.006472	-142.361927
	0.004689	-0.008514	0.999970	311.507177			0.004670	-0.006390	0.999986	311.311412
	0.000000	0.000000	0.000000	1.000000			0.000000	0.000000	0.000000	1.000000



data5

	mean100_max0

	1.000014	0.006030	-0.004105	476.000829			1.000014	0.006030	-0.004105	476.000829
	-0.006059	0.999997	0.005058	-142.419213			-0.006059	0.999997	0.005058	-142.419213
	0.004150	-0.005047	0.999991	311.201312			0.004150	-0.005047	0.999991	311.201312
	0.000000	0.000000	0.000000	1.000000			0.000000	0.000000	0.000000	1.000000

	mean90_max10

	1.000018	0.005364	-0.004216	476.059541			1.000027	0.003635	-0.003989	476.229109
	-0.005392	1.000000	0.005300	-142.487511			-0.003665	1.000009	0.004962	-142.817324
	0.004258	-0.005292	0.999990	311.220827			0.004021	-0.004961	0.999992	311.197566
	0.000000	0.000000	0.000000	1.000000			0.000000	0.000000	0.000000	1.000000

	mean80_max20

	1.000028	0.001860	-0.004780	476.383226			1.000031	0.001481	-0.004305	476.467143
	-0.001888	1.000016	0.004596	-142.899503			-0.001514	1.000019	0.003880	-143.181855
	0.004803	-0.004601	0.999990	311.070733			0.004325	-0.003888	0.999996	311.064016
	0.000000	0.000000	0.000000	1.000000			0.000000	0.000000	0.000000	1.000000

	mean75_max25

	0.999973	0.010532	-0.004910	475.525988			0.999987	0.009244	-0.004650	475.705910
	-0.010540	0.999936	0.008535	-141.510149			-0.009262	0.999962	0.006861	-141.893358
	0.005014	-0.008497	0.999964	311.454883			0.004728	-0.006832	0.999978	311.298833
	0.000000	0.000000	0.000000	1.000000			0.000000	0.000000	0.000000	1.000000

	mean70_max30

	0.999983	0.009689	-0.004639	475.621651			0.999996	0.008646	-0.003871	475.761706
	-0.009706	0.999958	0.006871	-141.881616			-0.008671	0.999970	0.006420	-141.897937
	0.004720	-0.006840	0.999978	311.330499			0.003941	-0.006400	0.999984	311.404467
	0.000000	0.000000	0.000000	1.000000			0.000000	0.000000	0.000000	1.000000

	mean60_max40

	0.999998	0.007818	-0.004942	475.735639			0.999976	0.010617	-0.004129	475.591816
	-0.007832	0.999971	0.007336	-142.326126			-0.010638	0.999947	0.006974	-141.703865
	0.005014	-0.007311	0.999973	311.369891			0.004217	-0.006944	0.999980	311.379154
	0.000000	0.000000	0.000000	1.000000			0.000000	0.000000	0.000000	1.000000

	mean50_max50

	0.999860	0.018387	-0.004756	474.780923			0.999977	0.010096	-0.005035	475.599900
	-0.018397	0.999824	0.008415	-140.434673			-0.010103	0.999942	0.008344	-141.777107
	0.004925	-0.008340	0.999966	311.431215			0.005134	-0.008307	0.999965	311.452500
	0.000000	0.000000	0.000000	1.000000			0.000000	0.000000	0.000000	1.000000

	mean40_max60

	1.000021	0.005375	-0.003271	476.071644			0.999957	0.012354	-0.003912	475.448512
	-0.005404	0.999994	0.006200	-142.872441			-0.012374	0.999923	0.007564	-141.216669
	0.003319	-0.006197	0.999988	311.408302			0.004019	-0.007530	0.999976	311.486881
	0.000000	0.000000	0.000000	1.000000			0.000000	0.000000	0.000000	1.000000

	mean30_max70

	0.999958	0.012063	-0.004404	475.443053			0.999972	0.010330	-0.005522	475.654899
	-0.012074	0.999917	0.008738	-141.182090			-0.010351	0.999961	0.005206	-141.889189
	0.004523	-0.008698	0.999965	311.549951			0.005590	-0.005164	0.999984	311.072204
	0.000000	0.000000	0.000000	1.000000			0.000000	0.000000	0.000000	1.000000

	mean20_max80

	1.000024	0.004416	-0.003833	476.146662			1.000020	0.005137	-0.004068	476.028038
	-0.004448	1.000007	0.004734	-143.125070			-0.005162	0.999997	0.005981	-142.558967
	0.003868	-0.004732	0.999994	311.276012			0.004113	-0.005975	0.999986	311.342894
	0.000000	0.000000	0.000000	1.000000			0.000000	0.000000	0.000000	1.000000

	mean10_max90

	0.999949	0.011469	-0.007207	475.614980			1.000017	0.005160	-0.004737	476.033810
	-0.011491	0.999955	0.003864	-142.023153			-0.005183	0.999998	0.005733	-142.845570
	0.007265	-0.003795	0.999979	310.746061			0.004781	-0.005723	0.999985	311.247742
	0.000000	0.000000	0.000000	1.000000			0.000000	0.000000	0.000000	1.000000



data6

	mean100_max0

	0.999978	0.005683	-0.004235	476.043156			0.999948	0.009393	-0.004667	475.611541
	-0.005726	0.999988	0.005037	-142.448883			-0.009429	0.999954	0.006167	-141.873873
	0.004245	-0.005007	1.000002	311.184632			0.004706	-0.006116	0.999994	311.233583
	0.000000	0.000000	0.000000	1.000000			0.000000	0.000000	0.000000	1.000000

	mean90_max10

	0.999984	0.003833	-0.004936	476.171189			0.999978	0.005282	-0.004860	475.990952
	-0.003867	0.999990	0.006223	-142.477692			-0.005315	0.999980	0.006745	-142.315802
	0.004941	-0.006198	0.999992	311.206852			0.004877	-0.006713	0.999989	311.285291
	0.000000	0.000000	0.000000	1.000000			0.000000	0.000000	0.000000	1.000000

	mean80_max20

	0.999988	0.002183	-0.005136	476.366283			0.999969	0.006858	-0.004647	475.864700
	-0.002223	1.000003	0.004881	-142.782967			-0.006894	0.999974	0.006241	-142.239972
	0.005128	-0.004863	0.999998	311.052897			0.004672	-0.006203	0.999993	311.266970
	0.000000	0.000000	0.000000	1.000000			0.000000	0.000000	0.000000	1.000000

	mean75_max25

	0.999965	0.007350	-0.004767	475.884016			0.999936	0.010713	-0.004385	475.557576
	-0.007377	0.999957	0.008087	-141.737558			-0.010747	0.999934	0.007143	-141.557665
	0.004807	-0.008046	0.999979	311.431008			0.004443	-0.007089	0.999988	311.376299
	0.000000	0.000000	0.000000	1.000000			0.000000	0.000000	0.000000	1.000000

	mean70_max30

	0.999989	0.001838	-0.005111	476.431493			0.999982	-0.002675	-0.006082	476.975253
	-0.001878	1.000003	0.005028	-142.921521			0.002644	0.999997	0.005674	-143.308358
	0.005102	-0.005012	0.999998	311.036451			0.006048	-0.005684	0.999989	310.977547
	0.000000	0.000000	0.000000	1.000000			0.000000	0.000000	0.000000	1.000000

	mean60_max40

	1.000000	-0.000366	-0.002772	476.646241			0.999993	-0.000254	-0.004727	476.909769
	0.000308	1.000013	0.002634	-144.262964			0.000225	0.999987	0.007680	-143.258519
	0.002753	-0.002629	1.000016	311.100246			0.004707	-0.007675	0.999983	311.329336
	0.000000	0.000000	0.000000	1.000000			0.000000	0.000000	0.000000	1.000000

	mean50_max50

	0.999986	0.005099	-0.002973	476.128889			0.999986	0.004832	-0.003501	476.205629
	-0.005145	0.999984	0.006288	-142.972258			-0.004886	0.999999	0.003381	-142.540912
	0.002986	-0.006266	0.999999	311.500248			0.003498	-0.003358	1.000012	311.135882
	0.000000	0.000000	0.000000	1.000000			0.000000	0.000000	0.000000	1.000000

	mean40_max60

	0.999975	0.005519	-0.005133	476.008161			0.999992	0.002375	-0.004132	476.335271
	-0.005560	0.999991	0.004692	-142.442268			-0.002422	1.000004	0.004546	-143.159253
	0.005141	-0.004657	0.999999	311.074626			0.004124	-0.004530	1.000005	311.178721
	0.000000	0.000000	0.000000	1.000000			0.000000	0.000000	0.000000	1.000000

	mean30_max70

	0.999982	0.005652	-0.003418	476.038288			0.999966	0.007249	-0.004799	475.587744
	-0.005696	0.999984	0.005896	-143.175073			-0.007261	0.999928	0.011193	-141.608936
	0.003433	-0.005871	1.000000	311.419410			0.004862	-0.011152	0.999949	311.649367
	0.000000	0.000000	0.000000	1.000000			0.000000	0.000000	0.000000	1.000000

	mean20_max80

	0.999994	0.002161	-0.003936	476.415950			0.999965	0.007336	-0.004759	475.820339
	-0.002208	1.000003	0.004804	-143.029825			-0.007364	0.999960	0.007777	-142.061431
	0.003928	-0.004790	1.000004	311.266155			0.004797	-0.007736	0.999982	311.402516
	0.000000	0.000000	0.000000	1.000000			0.000000	0.000000	0.000000	1.000000

	mean10_max90

	0.999985	0.003630	-0.004866	476.077923			0.999974	0.006545	-0.004034	475.923373
	-0.003653	0.999974	0.008556	-142.120815			-0.006588	0.999980	0.005533	-142.868748
	0.004878	-0.008532	0.999975	311.496137			0.004052	-0.005500	1.000000	311.346019
	0.000000	0.000000	0.000000	1.000000			0.000000	0.000000	0.000000	1.000000



data7

	mean100_max0

	0.999991	0.002855	-0.004155	476.327985			0.999958	0.008350	-0.004515	475.738629
	-0.002849	0.999956	0.004641	-142.852696			-0.008337	0.999917	0.006125	-142.010500
	0.004197	-0.004619	0.999978	311.142764			0.004595	-0.006077	0.999969	311.241811
	0.000000	0.000000	0.000000	1.000000			0.000000	0.000000	0.000000	1.000000

	mean90_max10

	0.999985	0.004543	-0.003982	476.152461			0.999973	0.006437	-0.004465	475.951699
	-0.004534	0.999945	0.005583	-142.427071			-0.006424	0.999932	0.006083	-142.244403
	0.004037	-0.005556	0.999974	311.269437			0.004533	-0.006045	0.999969	311.259236
	0.000000	0.000000	0.000000	1.000000			0.000000	0.000000	0.000000	1.000000

	mean80_max20

	0.999973	0.006163	-0.004804	475.935588			0.999985	0.003645	-0.004761	476.190357
	-0.006147	0.999931	0.006439	-142.200579			-0.003631	0.999947	0.005803	-142.576532
	0.004872	-0.006400	0.999965	311.259893			0.004811	-0.005776	0.999969	311.201105
	0.000000	0.000000	0.000000	1.000000			0.000000	0.000000	0.000000	1.000000

	mean75_max25

	0.999981	0.005569	-0.003600	475.992457			0.999977	0.005541	-0.004725	476.000888
	-0.005554	0.999923	0.008006	-142.392368			-0.005525	0.999935	0.006413	-142.354706
	0.003673	-0.007976	0.999959	311.551519			0.004789	-0.006377	0.999966	311.282872
	0.000000	0.000000	0.000000	1.000000			0.000000	0.000000	0.000000	1.000000

	mean70_max30

	0.999875	0.015288	-0.004679	475.080570			0.999913	0.012679	-0.004518	475.504895
	-0.015258	0.999810	0.009435	-140.514870			-0.012673	0.999880	0.004525	-141.664272
	0.004851	-0.009352	0.999942	311.538229			0.004604	-0.004458	0.999977	311.090199
	0.000000	0.000000	0.000000	1.000000			0.000000	0.000000	0.000000	1.000000

	mean60_max40

	0.999967	0.006916	-0.004902	475.876584			0.999965	0.008524	-0.002069	475.892023
	-0.006899	0.999927	0.006313	-142.303693			-0.008530	0.999928	0.003589	-142.269777
	0.004975	-0.006269	0.999966	311.232556			0.002129	-0.003562	0.999989	311.386392
	0.000000	0.000000	0.000000	1.000000			0.000000	0.000000	0.000000	1.000000

	mean50_max50

	0.999970	0.006878	-0.004395	475.974153			0.999990	-0.000068	-0.005139	476.614530
	-0.006865	0.999929	0.005995	-142.502458			0.000083	0.999955	0.005621	-142.865119
	0.004466	-0.005955	0.999970	311.190286			0.005168	-0.005612	0.999968	311.117014
	0.000000	0.000000	0.000000	1.000000			0.000000	0.000000	0.000000	1.000000

	mean40_max60

	0.999833	0.017873	-0.004541	474.823447			0.999956	0.008448	-0.004845	475.815574
	-0.017842	0.999764	0.009741	-140.324376			-0.008435	0.999920	0.005620	-141.883170
	0.004744	-0.009648	0.999940	311.633254			0.004922	-0.005569	0.999970	311.196519
	0.000000	0.000000	0.000000	1.000000			0.000000	0.000000	0.000000	1.000000

	mean30_max70

	0.999982	0.003918	-0.005198	476.045971			0.999991	0.003328	-0.003754	476.285752
	-0.003892	0.999934	0.007686	-142.422670			-0.003321	0.999949	0.005675	-142.921920
	0.005257	-0.007656	0.999954	311.356759			0.003802	-0.005653	0.999974	311.369131
	0.000000	0.000000	0.000000	1.000000			0.000000	0.000000	0.000000	1.000000

	mean20_max80

	0.999889	0.014079	-0.005488	475.232383			0.999889	0.014079	-0.005488	475.232383
	-0.014049	0.999840	0.008043	-141.073165			-0.014049	0.999840	0.008043	-141.073165
	0.005630	-0.007955	0.999950	311.371547			0.005630	-0.007955	0.999950	311.371547
	0.000000	0.000000	0.000000	1.000000			0.000000	0.000000	0.000000	1.000000

	mean10_max90

	0.999951	0.009154	-0.004473	475.746942			0.999951	0.009154	-0.004473	475.746942
	-0.009137	0.999905	0.007009	-141.862492			-0.009137	0.999905	0.007009	-141.862492
	0.004566	-0.006958	0.999963	311.380262			0.004566	-0.006958	0.999963	311.380262
	0.000000	0.000000	0.000000	1.000000			0.000000	0.000000	0.000000	1.000000



data8

	mean100_max0

	1.000021	0.006091	-0.003943	476.000551			1.000024	0.005510	-0.003973	476.069249
	-0.006108	1.000009	0.005040	-142.452760			-0.005527	1.000012	0.005082	-142.506381
	0.004063	-0.004975	1.000016	311.202596			0.004090	-0.005020	1.000016	311.204672
	0.000000	0.000000	0.000000	1.000000			0.000000	0.000000	0.000000	1.000000

	mean90_max10

	1.000035	0.003419	-0.003654	476.256513			1.000006	0.007835	-0.004520	475.814934
	-0.003439	1.000023	0.004785	-142.852767			-0.007842	0.999988	0.006565	-142.028310
	0.003760	-0.004732	1.000019	311.227064			0.004660	-0.006489	1.000005	311.287921
	0.000000	0.000000	0.000000	1.000000			0.000000	0.000000	0.000000	1.000000

	mean80_max20

	1.000033	0.003394	-0.004258	476.209788			1.000022	0.005686	-0.004343	476.001442
	-0.003410	1.000022	0.005058	-142.771036			-0.005696	1.000005	0.006260	-142.507890
	0.004364	-0.005003	1.000015	311.180429			0.004468	-0.006195	1.000008	311.303425
	0.000000	0.000000	0.000000	1.000000			0.000000	0.000000	0.000000	1.000000

	mean75_max25

	0.999956	0.012904	-0.003995	475.236300			0.999928	0.014621	-0.004884	475.154189
	-0.012900	0.999908	0.009936	-140.929525			-0.014620	0.999905	0.007669	-140.803282
	0.004212	-0.009843	0.999979	311.661870			0.005085	-0.007557	0.999995	311.334640
	0.000000	0.000000	0.000000	1.000000			0.000000	0.000000	0.000000	1.000000

	mean70_max30

	1.000031	0.003228	-0.004717	476.249042			0.999936	0.014170	-0.004585	475.210820
	-0.003248	1.000028	0.003835	-143.025459			-0.014165	0.999900	0.009034	-140.970186
	0.004819	-0.003779	1.000018	310.986845			0.004802	-0.008927	0.999985	311.521949
	0.000000	0.000000	0.000000	1.000000			0.000000	0.000000	0.000000	1.000000

	mean60_max40

	0.999995	0.008557	-0.005515	475.593121			1.000037	-0.000170	-0.004583	476.626509
	-0.008552	0.999976	0.007547	-141.925131			0.000161	1.000022	0.006066	-142.932859
	0.005669	-0.007459	0.999993	311.288434			0.004671	-0.006027	1.000008	311.247161
	0.000000	0.000000	0.000000	1.000000			0.000000	0.000000	0.000000	1.000000

	mean50_max50

	1.000031	0.002739	-0.005073	476.330505			1.000008	0.007464	-0.004782	475.894611
	-0.002742	1.000014	0.006697	-142.612486			-0.007462	0.999980	0.008069	-141.838047
	0.005181	-0.006643	1.000001	311.230355			0.004931	-0.007993	0.999993	311.387332
	0.000000	0.000000	0.000000	1.000000			0.000000	0.000000	0.000000	1.000000

	mean40_max60

	0.999998	0.008534	-0.005016	475.864979			1.000009	-0.007317	-0.004802	477.449129
	-0.008538	0.999982	0.006650	-141.655417			0.007300	1.000005	0.004103	-143.763998
	0.005162	-0.006567	1.000002	311.217487			0.004861	-0.004098	1.000017	310.950383
	0.000000	0.000000	0.000000	1.000000			0.000000	0.000000	0.000000	1.000000

	mean30_max70

	1.000036	0.002742	-0.003977	476.320661			0.999886	0.017000	-0.005667	474.744797
	-0.002764	1.000029	0.003915	-143.006385			-0.016992	0.999866	0.007812	-139.872718
	0.004077	-0.003864	1.000021	311.160238			0.005888	-0.007674	0.999990	311.263849
	0.000000	0.000000	0.000000	1.000000			0.000000	0.000000	0.000000	1.000000

	mean20_max80

	1.000028	0.005004	-0.003587	476.151123			1.000028	0.005004	-0.003587	476.151123
	-0.005022	1.000014	0.005177	-142.592805			-0.005022	1.000014	0.005177	-142.592805
	0.003702	-0.005118	1.000017	311.338150			0.003702	-0.005118	1.000017	311.338150
	0.000000	0.000000	0.000000	1.000000			0.000000	0.000000	0.000000	1.000000

	mean10_max90

	0.999928	0.014387	-0.005559	475.164374			1.000032	0.002972	-0.004602	476.310361
	-0.014376	0.999901	0.008566	-141.021915			-0.002988	1.000025	0.004563	-143.007053
	0.005771	-0.008445	0.999985	311.409817			0.004705	-0.004509	1.000016	311.129240
	0.000000	0.000000	0.000000	1.000000			0.000000	0.000000	0.000000	1.000000



data9

	mean100_max0

	1.000018	0.005924	-0.004048	476.037078			1.000019	0.005708	-0.004125	476.055627
	-0.005948	0.999932	0.004991	-142.442794			-0.005732	0.999934	0.004925	-142.487860
	0.004015	-0.005017	1.000025	311.210112			0.004090	-0.004952	1.000025	311.197364
	0.000000	0.000000	0.000000	1.000000			0.000000	0.000000	0.000000	1.000000

	mean90_max10

	1.000017	0.005676	-0.004753	475.960477			1.000004	0.007574	-0.004707	475.866812
	-0.005686	0.999920	0.007239	-142.229001			-0.007587	0.999911	0.006790	-142.006385
	0.004731	-0.007262	1.000008	311.358477			0.004696	-0.006804	1.000011	311.309424
	0.000000	0.000000	0.000000	1.000000			0.000000	0.000000	0.000000	1.000000

	mean80_max20

	0.999996	0.008476	-0.004872	475.719853			1.000028	0.003373	-0.004505	476.224125
	-0.008488	0.999904	0.006637	-141.893637			-0.003399	0.999948	0.004187	-143.021578
	0.004866	-0.006646	1.000012	311.276360			0.004457	-0.004222	1.000027	311.080779
	0.000000	0.000000	0.000000	1.000000			0.000000	0.000000	0.000000	1.000000

	mean75_max25

	1.000035	0.000451	-0.004311	476.542685			1.000030	0.000007	-0.005266	476.638646
	-0.000479	0.999955	0.003786	-143.133851			-0.000018	0.999943	0.006247	-142.851738
	0.004250	-0.003834	1.000029	311.063821			0.005204	-0.006297	1.000012	311.191431
	0.000000	0.000000	0.000000	1.000000			0.000000	0.000000	0.000000	1.000000

	mean70_max30

	1.000026	-0.003535	-0.004871	477.028555			0.999995	0.008734	-0.004603	475.737795
	0.003516	0.999943	0.005130	-143.404627			-0.008746	0.999900	0.007019	-141.787163
	0.004790	-0.005198	1.000020	311.123484			0.004602	-0.007029	1.000010	311.375047
	0.000000	0.000000	0.000000	1.000000			0.000000	0.000000	0.000000	1.000000

	mean60_max40

	1.000014	0.007088	-0.002956	475.903050			0.999967	0.010998	-0.005653	475.389151
	-0.007113	0.999917	0.006347	-142.246920			-0.010988	0.999856	0.009574	-141.409354
	0.002939	-0.006376	1.000021	311.547898			0.005696	-0.009561	0.999984	311.504429
	0.000000	0.000000	0.000000	1.000000			0.000000	0.000000	0.000000	1.000000

	mean50_max50

	0.999991	0.009246	-0.004388	475.776116			1.000033	0.003100	-0.003551	476.350531
	-0.009260	0.999896	0.006848	-141.774650			-0.003135	0.999954	0.002528	-143.053945
	0.004389	-0.006857	1.000012	311.359495			0.003497	-0.002567	1.000036	311.030038
	0.000000	0.000000	0.000000	1.000000			0.000000	0.000000	0.000000	1.000000

	mean40_max60

	1.000034	0.002705	-0.003649	476.387360			0.999968	0.011335	-0.004767	475.577414
	-0.002730	0.999945	0.005209	-143.000825			-0.011350	0.999879	0.006158	-141.500705
	0.003601	-0.005249	1.000025	311.349358			0.004774	-0.006153	1.000015	311.251252
	0.000000	0.000000	0.000000	1.000000			0.000000	0.000000	0.000000	1.000000

	mean30_max70

	1.000034	0.001968	-0.003961	476.444261			1.000021	0.004415	-0.005215	476.035479
	-0.001993	0.999948	0.004936	-143.127592			-0.004420	0.999924	0.007512	-142.204808
	0.003908	-0.004978	1.000025	311.295865			0.005186	-0.007539	1.000004	311.339906
	0.000000	0.000000	0.000000	1.000000			0.000000	0.000000	0.000000	1.000000

	mean20_max80

	0.999990	0.007089	-0.007596	476.036864			0.999906	0.015985	-0.004446	475.089963
	-0.007099	0.999927	0.004563	-142.594072			-0.015974	0.999755	0.012599	-140.058065
	0.007565	-0.004560	1.000006	310.738838			0.004584	-0.012576	0.999956	311.915050
	0.000000	0.000000	0.000000	1.000000			0.000000	0.000000	0.000000	1.000000

	mean10_max90

	1.000039	-0.000204	-0.003200	476.701201			0.999958	0.012259	-0.004660	475.371863
	0.000174	0.999952	0.004461	-143.477047			-0.012267	0.999857	0.007739	-141.148559
	0.003137	-0.004512	1.000030	311.374124			0.004692	-0.007731	1.000005	311.444451
	0.000000	0.000000	0.000000	1.000000			0.000000	0.000000	0.000000	1.000000



data10

	mean100_max0

	0.999942	0.005764	-0.004159	476.045347			0.999942	0.005764	-0.004159	476.045347
	-0.005748	0.999978	0.005328	-142.411019			-0.005748	0.999978	0.005328	-142.411019
	0.004190	-0.005262	0.999980	311.214948			0.004190	-0.005262	0.999980	311.214948
	0.000000	0.000000	0.000000	1.000000			0.000000	0.000000	0.000000	1.000000

	mean90_max10

	0.999953	0.003562	-0.004182	476.271747			0.999950	0.004445	-0.003831	476.240828
	-0.003547	0.999990	0.004931	-142.727110			-0.004431	0.999987	0.004862	-142.655019
	0.004200	-0.004874	0.999982	311.180830			0.003853	-0.004803	0.999984	311.212707
	0.000000	0.000000	0.000000	1.000000			0.000000	0.000000	0.000000	1.000000

	mean80_max20

	0.999939	0.005909	-0.004830	475.967276			0.999875	0.012545	-0.005273	475.201373
	-0.005882	0.999969	0.006645	-142.227598			-0.012508	0.999898	0.008006	-141.005030
	0.004870	-0.006574	0.999969	311.287014			0.005373	-0.007897	0.999957	311.333919
	0.000000	0.000000	0.000000	1.000000			0.000000	0.000000	0.000000	1.000000

	mean75_max25

	0.999951	0.003562	-0.004597	476.214667			0.999941	0.006214	-0.003834	475.905460
	-0.003542	0.999986	0.005614	-142.710010			-0.006196	0.999969	0.006293	-142.259625
	0.004618	-0.005556	0.999976	311.200315			0.003873	-0.006227	0.999976	311.336475
	0.000000	0.000000	0.000000	1.000000			0.000000	0.000000	0.000000	1.000000

	mean70_max30

	0.999936	0.006134	-0.005072	475.968412			0.999953	0.003383	-0.004305	476.205756
	-0.006108	0.999970	0.006210	-142.267884			-0.003361	0.999982	0.006352	-142.493733
	0.005110	-0.006137	0.999971	311.210581			0.004327	-0.006296	0.999973	311.288575
	0.000000	0.000000	0.000000	1.000000			0.000000	0.000000	0.000000	1.000000

	mean60_max40

	0.999924	0.007526	-0.005465	475.778558			0.999896	0.010889	-0.005067	475.601852
	-0.007493	0.999955	0.007176	-142.176416			-0.010861	0.999927	0.006628	-141.692453
	0.005519	-0.007093	0.999962	311.266056			0.005139	-0.006531	0.999968	311.244331
	0.000000	0.000000	0.000000	1.000000			0.000000	0.000000	0.000000	1.000000

	mean50_max50

	0.999963	0.000610	-0.003087	476.434585			0.999901	0.009957	-0.005800	475.501620
	-0.000588	0.999969	0.008842	-142.827061			-0.009904	0.999909	0.009997	-141.278857
	0.003093	-0.008798	0.999959	311.764004			0.005900	-0.009897	0.999936	311.529243
	0.000000	0.000000	0.000000	1.000000			0.000000	0.000000	0.000000	1.000000

	mean40_max60

	0.999960	-0.003036	-0.002687	477.049896			0.999943	-0.005898	-0.003912	477.418674
	0.003040	0.999997	0.003738	-143.710655			0.005904	0.999986	0.002996	-144.164629
	0.002676	-0.003704	0.999992	311.341438			0.003894	-0.002977	0.999991	311.006662
	0.000000	0.000000	0.000000	1.000000			0.000000	0.000000	0.000000	1.000000

	mean30_max70

	0.999961	-0.000271	-0.003546	476.550668			0.999948	-0.000631	-0.006173	476.726761
	0.000286	0.999991	0.005894	-143.275578			0.000665	0.999987	0.006538	-142.760758
	0.003545	-0.005854	0.999979	311.450412			0.006170	-0.006501	0.999962	311.084591
	0.000000	0.000000	0.000000	1.000000			0.000000	0.000000	0.000000	1.000000

	mean20_max80

	0.999905	0.010808	-0.002874	475.600552			0.999955	0.004036	-0.002993	476.175241
	-0.010793	0.999926	0.006922	-141.866155			-0.004029	0.999991	0.004336	-143.142394
	0.002949	-0.006849	0.999975	311.595575			0.003011	-0.004282	0.999989	311.286850
	0.000000	0.000000	0.000000	1.000000			0.000000	0.000000	0.000000	1.000000

	mean10_max90

	0.999820	0.016469	-0.004943	474.945503			0.999962	-0.000122	-0.003440	476.746905
	-0.016426	0.999828	0.009533	-140.591950			0.000133	0.999996	0.004964	-143.469905
	0.005100	-0.009409	0.999945	311.567883			0.003440	-0.004923	0.999985	311.286649
	0.000000	0.000000	0.000000	1.000000			0.000000	0.000000	0.000000	1.000000



data11

	mean100_max0

	0.999956	-0.000295	-0.004139	476.662368			0.999938	0.006147	-0.003997	475.998614
	0.000338	1.000030	0.004078	-143.486230			-0.006101	1.000007	0.005190	-142.433910
	0.004167	-0.003997	0.999931	311.085591			0.004058	-0.005082	0.999926	311.218930
	0.000000	0.000000	0.000000	1.000000			0.000000	0.000000	0.000000	1.000000

	mean90_max10

	0.999944	0.004745	-0.004306	476.113209			0.999937	0.006263	-0.003864	476.040202
	-0.004696	1.000013	0.005388	-142.492443			-0.006217	1.000006	0.005236	-142.349661
	0.004360	-0.005285	0.999924	311.193260			0.003926	-0.005129	0.999926	311.241957
	0.000000	0.000000	0.000000	1.000000			0.000000	0.000000	0.000000	1.000000

	mean80_max20

	0.999935	0.005945	-0.004774	475.963071			0.999943	0.004615	-0.004757	476.076933
	-0.005887	0.999998	0.006828	-142.228901			-0.004557	1.000006	0.006722	-142.487335
	0.004844	-0.006717	0.999913	311.305921			0.004817	-0.006617	0.999914	311.304929
	0.000000	0.000000	0.000000	1.000000			0.000000	0.000000	0.000000	1.000000

	mean75_max25

	0.999938	0.004961	-0.005401	475.968308			0.999855	0.014170	-0.004267	475.225940
	-0.004891	0.999993	0.008258	-142.330284			-0.014106	0.999900	0.008886	-140.839986
	0.005471	-0.008149	0.999899	311.370289			0.004422	-0.008742	0.999899	311.563526
	0.000000	0.000000	0.000000	1.000000			0.000000	0.000000	0.000000	1.000000

	mean70_max30

	0.999950	0.002331	-0.004740	476.310498			0.999889	0.011405	-0.004592	475.440934
	-0.002286	1.000027	0.004172	-142.932671			-0.011345	0.999948	0.007232	-141.539118
	0.004779	-0.004078	0.999928	311.001894			0.004703	-0.007097	0.999911	311.346106
	0.000000	0.000000	0.000000	1.000000			0.000000	0.000000	0.000000	1.000000

	mean60_max40

	0.999942	0.002066	-0.006304	475.978269			0.999956	0.001876	-0.003790	476.340501
	-0.002025	1.000034	0.002468	-143.018575			-0.001835	1.000029	0.004018	-143.133996
	0.006339	-0.002372	0.999925	310.664051			0.003827	-0.003928	0.999932	311.150284
	0.000000	0.000000	0.000000	1.000000			0.000000	0.000000	0.000000	1.000000

	mean50_max50

	0.999875	0.012241	-0.005389	475.341158			0.999936	0.004871	-0.005716	476.024563
	-0.012167	0.999927	0.008692	-141.064035			-0.004814	1.000012	0.005546	-142.201187
	0.005525	-0.008543	0.999895	311.437596			0.005772	-0.005435	0.999916	311.058175
	0.000000	0.000000	0.000000	1.000000			0.000000	0.000000	0.000000	1.000000

	mean40_max60

	0.999943	0.004040	-0.005197	476.093917			0.999945	0.006149	-0.001552	476.041700
	-0.003993	1.000022	0.004201	-143.195430			-0.006115	1.000009	0.004615	-142.865715
	0.005243	-0.004097	0.999925	310.835625			0.001609	-0.004523	0.999936	311.557584
	0.000000	0.000000	0.000000	1.000000			0.000000	0.000000	0.000000	1.000000

	mean30_max70

	0.999934	0.006322	-0.004668	475.938101			0.999934	0.006322	-0.004668	475.938101
	-0.006266	0.999998	0.006453	-142.199125			-0.006266	0.999998	0.006453	-142.199125
