----------------------------------------------------
COMPOSITE MOLD TRANFORMATIONS
----------------------------------------------------

for draping robot - iiwa14 (ip 192.168.10.114)

part_points = 
[285.78,0,46.74;
285.78,571.50,46.74;
571.57,571.50,13.61;
571.57,0,13.61]

robot_points = 
[581.79,265.69,58.80;
597.58,-307.83,58.16;
304.69,-313.46,25.66;
294.82,260.04,23.55]

rob_T_part =
[-0.9998    0.0217   -0.0009  867.1061
-0.0217   -0.9998    0.0012  271.0798
-0.0009    0.0012    1.0000   11.3983
     0         0         0    1.0000]

----------------------------------------------------

for grasping robot 1 - iiwa7 (ip 192.168.10.116)

part_points = 
[285.78,571.50,46.74;
0,571.50,46.74;
0,285.75,112.05;
200,571.50,46.74]

robot_points = 
[539.50,-258.92,53.14;
259.21,-260.73,50.26;
262.77,-550.49,116;
461.70,-258.92,51.78]

rob_T_part = 
[0.9998   -0.0162   -0.0077  267.9295;
0.0161    0.9999   -0.0014 -834.1317;
0.0077    0.0013    1.0000    3.1413;
	 0         0         0    1.0000]

----------------------------------------------------

for grasping robot 2 - iiwa7 (ip 192.168.10.118)

part_points = 
[285.78,0,46.74;
0,285.75,112.05;
0,100,46.74;
200,0,46.74]

robot_points = 
[613.88,180.98,54.28;
336.01,468.39,115.77;
333.14,285.36,48.70;
533.77,182.81,52.77]

rob_T_part = 
[0.9996    0.0165   -0.0239  332.7250;
-0.0167    0.9998   -0.0111  185.7006;
0.0237    0.0115    0.9997    0.8454;
     0         0         0    1.0000]

----------------------------------------------------
