max_d = 1.157810 mm

max_plane_d = 0.450815 mm

mean_d = 0.593650 mm

mean_plane_d = 0.096503 mm

weighted_max_mean_d = 0.734690 mm

Final_w_T_p = 
0.999687	-0.024216	-0.004022	522.057210
0.024222	0.999706	0.004018	-165.012081
0.003882	-0.004139	0.999943	314.046536
0.000000	0.000000	0.000000	1.000000

max_d = 1.223728 mm

max_plane_d = 0.572912 mm

mean_d = 0.606477 mm

mean_plane_d = 0.118681 mm

weighted_max_mean_d = 0.760789 mm

Final_w_T_p = 
0.999444	-0.032657	-0.004670	522.676089
0.032672	0.999458	0.005526	-166.200962
0.004446	-0.005700	0.999933	314.066224
0.000000	0.000000	0.000000	1.000000

max_d = 1.080042 mm

max_plane_d = 0.285806 mm

mean_d = 0.574541 mm

mean_plane_d = 0.077080 mm

weighted_max_mean_d = 0.700916 mm

Final_w_T_p = 
0.999552	-0.029229	-0.004268	522.539569
0.029250	0.999550	0.007681	-164.982750
0.004000	-0.007828	0.999920	314.462282
0.000000	0.000000	0.000000	1.000000

max_d = 1.109946 mm

max_plane_d = 0.287209 mm

mean_d = 0.574406 mm

mean_plane_d = 0.075564 mm

weighted_max_mean_d = 0.708291 mm

Final_w_T_p = 
0.999594	-0.027785	-0.003939	522.361840
0.027796	0.999606	0.005531	-165.080185
0.003742	-0.005664	0.999936	314.285883
0.000000	0.000000	0.000000	1.000000

