max_d = 1.155750 mm

max_plane_d = 0.545197 mm

mean_d = 0.604232 mm

mean_plane_d = 0.102596 mm

weighted_max_mean_d = 0.742112 mm

Final_w_T_p = 
0.999520	-0.029260	-0.003413	522.481917
0.029255	0.999529	0.005457	-165.400539
0.003278	-0.005553	1.000015	314.247760
0.000000	0.000000	0.000000	1.000000

max_d = 1.137155 mm

max_plane_d = 0.469582 mm

mean_d = 0.593903 mm

mean_plane_d = 0.101272 mm

weighted_max_mean_d = 0.729716 mm

Final_w_T_p = 
0.999656	-0.023997	-0.004385	522.094243
0.023994	0.999674	0.004593	-164.967333
0.004300	-0.004696	1.000016	314.041703
0.000000	0.000000	0.000000	1.000000

max_d = 1.125967 mm

max_plane_d = 0.285526 mm

mean_d = 0.583270 mm

mean_plane_d = 0.073339 mm

weighted_max_mean_d = 0.718944 mm

Final_w_T_p = 
0.999359	-0.034181	-0.004625	522.997427
0.034186	0.999369	0.006067	-165.610138
0.004441	-0.006220	1.000007	314.249083
0.000000	0.000000	0.000000	1.000000

max_d = 1.139738 mm

max_plane_d = 0.277465 mm

mean_d = 0.579875 mm

mean_plane_d = 0.074214 mm

weighted_max_mean_d = 0.719841 mm

Final_w_T_p = 
0.999357	-0.034243	-0.004570	523.015080
0.034249	0.999364	0.006531	-165.687785
0.004370	-0.006682	1.000004	314.307223
0.000000	0.000000	0.000000	1.000000

