max_d = 1.166748 mm

max_plane_d = 0.453726 mm

mean_d = 0.596562 mm

mean_plane_d = 0.104215 mm

weighted_max_mean_d = 0.739109 mm

Final_w_T_p = 
0.999644	-0.024519	-0.004046	522.043806
0.024592	0.999697	0.004690	-165.211623
0.003969	-0.004768	1.000016	314.057991
0.000000	0.000000	0.000000	1.000000

max_d = 1.232398 mm

max_plane_d = 0.415642 mm

mean_d = 0.604000 mm

mean_plane_d = 0.102584 mm

weighted_max_mean_d = 0.761100 mm

Final_w_T_p = 
0.999442	-0.031595	-0.004682	522.605913
0.031672	0.999497	0.004921	-165.837490
0.004564	-0.005047	1.000012	314.045588
0.000000	0.000000	0.000000	1.000000

max_d = 1.109187 mm

max_plane_d = 0.270701 mm

mean_d = 0.571563 mm

mean_plane_d = 0.073456 mm

weighted_max_mean_d = 0.705969 mm

Final_w_T_p = 
0.999427	-0.032086	-0.004547	522.769177
0.032168	0.999475	0.006003	-165.515316
0.004391	-0.006126	1.000007	314.248174
0.000000	0.000000	0.000000	1.000000

max_d = 1.101661 mm

max_plane_d = 0.266493 mm

mean_d = 0.569163 mm

mean_plane_d = 0.073916 mm

weighted_max_mean_d = 0.702287 mm

Final_w_T_p = 
0.999439	-0.031717	-0.004535	522.742830
0.031799	0.999487	0.006037	-165.504926
0.004381	-0.006158	1.000006	314.252140
0.000000	0.000000	0.000000	1.000000

