max_d = 1.177637 mm

max_plane_d = 0.483277 mm

mean_d = 0.591972 mm

mean_plane_d = 0.104344 mm

weighted_max_mean_d = 0.738388 mm

Final_w_T_p = 
0.999708	-0.022453	-0.003579	521.971499
0.022436	0.999750	0.004944	-164.607934
0.003457	-0.005065	0.999970	314.180120
0.000000	0.000000	0.000000	1.000000

max_d = 1.199510 mm

max_plane_d = 0.464999 mm

mean_d = 0.608450 mm

mean_plane_d = 0.123276 mm

weighted_max_mean_d = 0.756215 mm

Final_w_T_p = 
0.999314	-0.035742	-0.005307	522.940314
0.035726	0.999369	0.003490	-166.260001
0.005169	-0.003719	0.999969	313.860525
0.000000	0.000000	0.000000	1.000000

max_d = 1.102276 mm

max_plane_d = 0.289788 mm

mean_d = 0.588240 mm

mean_plane_d = 0.076549 mm

weighted_max_mean_d = 0.716749 mm

Final_w_T_p = 
0.999592	-0.027138	-0.003616	522.305786
0.027119	0.999638	0.004179	-165.474906
0.003492	-0.004317	0.999973	314.164716
0.000000	0.000000	0.000000	1.000000

max_d = 1.082179 mm

max_plane_d = 0.289048 mm

mean_d = 0.585945 mm

mean_plane_d = 0.076234 mm

weighted_max_mean_d = 0.710004 mm

Final_w_T_p = 
0.999606	-0.026590	-0.003756	522.244538
0.026572	0.999651	0.004384	-165.204829
0.003628	-0.004524	0.999972	314.171925
0.000000	0.000000	0.000000	1.000000

