max_d = 1.201872 mm

max_plane_d = 0.369120 mm

mean_d = 0.593451 mm

mean_plane_d = 0.108243 mm

weighted_max_mean_d = 0.745556 mm

Final_w_T_p = 
0.999478	-0.030893	-0.004745	522.624205
0.030875	0.999532	0.003380	-166.057453
0.004629	-0.003566	0.999972	313.934490
0.000000	0.000000	0.000000	1.000000

max_d = 1.201872 mm

max_plane_d = 0.369120 mm

mean_d = 0.593451 mm

mean_plane_d = 0.108243 mm

weighted_max_mean_d = 0.745556 mm

Final_w_T_p = 
0.999478	-0.030893	-0.004745	522.624205
0.030875	0.999532	0.003380	-166.057453
0.004629	-0.003566	0.999972	313.934490
0.000000	0.000000	0.000000	1.000000

max_d = 1.093956 mm

max_plane_d = 0.273065 mm

mean_d = 0.599851 mm

mean_plane_d = 0.082061 mm

weighted_max_mean_d = 0.723378 mm

Final_w_T_p = 
0.999373	-0.034079	-0.005150	523.035402
0.034089	0.999393	0.008830	-165.295641
0.004836	-0.009042	0.999936	314.490032
0.000000	0.000000	0.000000	1.000000

max_d = 1.110982 mm

max_plane_d = 0.304946 mm

mean_d = 0.581689 mm

mean_plane_d = 0.090846 mm

weighted_max_mean_d = 0.714012 mm

Final_w_T_p = 
0.999328	-0.035489	-0.004364	522.905938
0.035468	0.999380	0.003034	-166.462450
0.004244	-0.003229	0.999975	313.964778
0.000000	0.000000	0.000000	1.000000

