max_d = 1.167978 mm

max_plane_d = 0.479644 mm

mean_d = 0.595429 mm

mean_plane_d = 0.114672 mm

weighted_max_mean_d = 0.738567 mm

Final_w_T_p = 
0.999732	-0.020749	-0.003434	521.823202
0.020813	0.999790	0.002649	-164.527295
0.003418	-0.002700	1.000026	313.993665
0.000000	0.000000	0.000000	1.000000

max_d = 1.161600 mm

max_plane_d = 0.360394 mm

mean_d = 0.592260 mm

mean_plane_d = 0.113163 mm

weighted_max_mean_d = 0.734595 mm

Final_w_T_p = 
0.999494	-0.029918	-0.004648	522.569290
0.029989	0.999555	0.003598	-166.110963
0.004578	-0.003715	1.000018	313.957162
0.000000	0.000000	0.000000	1.000000

max_d = 1.084904 mm

max_plane_d = 0.281304 mm

mean_d = 0.595815 mm

mean_plane_d = 0.088530 mm

weighted_max_mean_d = 0.718087 mm

Final_w_T_p = 
0.999485	-0.030154	-0.005060	522.604001
0.030254	0.999511	0.009206	-164.876325
0.004819	-0.009335	0.999980	314.502818
0.000000	0.000000	0.000000	1.000000

max_d = 1.103646 mm

max_plane_d = 0.252661 mm

mean_d = 0.582128 mm

mean_plane_d = 0.081450 mm

weighted_max_mean_d = 0.712507 mm

Final_w_T_p = 
0.999554	-0.027897	-0.004208	522.299848
0.027970	0.999609	0.004507	-165.651508
0.004120	-0.004603	1.000016	314.112229
0.000000	0.000000	0.000000	1.000000

