max_d = 1.146091 mm

max_plane_d = 0.577937 mm

mean_d = 0.614555 mm

mean_plane_d = 0.132774 mm

weighted_max_mean_d = 0.747439 mm

Final_w_T_p = 
0.999548	-0.029550	-0.002565	522.473707
0.029555	0.999550	0.006348	-165.523455
0.002335	-0.006447	0.999935	314.469434
0.000000	0.000000	0.000000	1.000000

max_d = 1.181345 mm

max_plane_d = 0.489960 mm

mean_d = 0.595165 mm

mean_plane_d = 0.126925 mm

weighted_max_mean_d = 0.741710 mm

Final_w_T_p = 
0.999665	-0.025245	-0.003051	522.167823
0.025244	0.999684	0.003149	-165.893741
0.002928	-0.003250	0.999949	314.084140
0.000000	0.000000	0.000000	1.000000

max_d = 1.101418 mm

max_plane_d = 0.624297 mm

mean_d = 0.613067 mm

mean_plane_d = 0.107485 mm

weighted_max_mean_d = 0.735155 mm

Final_w_T_p = 
0.999031	-0.043466	-0.004992	523.914759
0.043510	0.998994	0.011499	-166.254277
0.004446	-0.011731	0.999880	314.840265
0.000000	0.000000	0.000000	1.000000

max_d = 1.074606 mm

max_plane_d = 0.297006 mm

mean_d = 0.588034 mm

mean_plane_d = 0.096499 mm

weighted_max_mean_d = 0.709677 mm

Final_w_T_p = 
0.999784	-0.020028	-0.002417	521.525910
0.020023	0.999804	0.002226	-165.015542
0.002330	-0.002299	0.999953	314.129789
0.000000	0.000000	0.000000	1.000000

