max_d = 1.304689 mm

max_plane_d = 0.973694 mm

mean_d = 0.622025 mm

mean_plane_d = 0.179978 mm

weighted_max_mean_d = 0.792691 mm

Final_w_T_p = 
0.999918	-0.008185	-0.001764	520.631124
0.008163	0.999939	0.000533	-163.515228
0.001786	-0.000546	1.000034	313.893993
0.000000	0.000000	0.000000	1.000000

max_d = 1.148588 mm

max_plane_d = 0.560153 mm

mean_d = 0.603627 mm

mean_plane_d = 0.116324 mm

weighted_max_mean_d = 0.739868 mm

Final_w_T_p = 
0.999444	-0.031761	-0.003097	522.700707
0.031752	0.999457	0.004529	-166.085105
0.002978	-0.004624	1.000021	314.195047
0.000000	0.000000	0.000000	1.000000

max_d = 1.088166 mm

max_plane_d = 0.258425 mm

mean_d = 0.590666 mm

mean_plane_d = 0.078202 mm

weighted_max_mean_d = 0.715041 mm

Final_w_T_p = 
0.999300	-0.035793	-0.005107	523.117918
0.035806	0.999305	0.007142	-165.747698
0.004875	-0.007319	0.999998	314.312603
0.000000	0.000000	0.000000	1.000000

max_d = 1.118977 mm

max_plane_d = 0.275332 mm

mean_d = 0.574902 mm

mean_plane_d = 0.075329 mm

weighted_max_mean_d = 0.710921 mm

Final_w_T_p = 
0.999543	-0.028344	-0.004107	522.395361
0.028345	0.999553	0.005854	-165.259736
0.003966	-0.005967	1.000011	314.276382
0.000000	0.000000	0.000000	1.000000

