max_d = 3.672686 mm

max_plane_d = 3.580607 mm

mean_d = 1.052894 mm

mean_plane_d = 0.791711 mm

weighted_max_mean_d = 1.707842 mm

Final_w_T_p = 
0.999402	0.031918	-0.010380	518.528169
-0.031823	0.999436	0.012058	-160.863236
0.010749	-0.011763	0.999862	313.913274
0.000000	0.000000	0.000000	1.000000

max_d = 1.322879 mm

max_plane_d = 0.856162 mm

mean_d = 0.676343 mm

mean_plane_d = 0.281645 mm

weighted_max_mean_d = 0.837977 mm

Final_w_T_p = 
0.998585	-0.052333	-0.005021	524.751243
0.052321	0.998632	0.004771	-168.299148
0.004754	-0.005069	0.999965	314.155286
0.000000	0.000000	0.000000	1.000000

max_d = 1.072322 mm

max_plane_d = 0.361405 mm

mean_d = 0.600711 mm

mean_plane_d = 0.134464 mm

weighted_max_mean_d = 0.718614 mm

Final_w_T_p = 
0.999642	-0.025222	-0.003709	521.772960
0.025202	0.999689	0.003913	-164.864221
0.003599	-0.004046	0.999974	314.226139
0.000000	0.000000	0.000000	1.000000

max_d = 1.124205 mm

max_plane_d = 0.308712 mm

mean_d = 0.595249 mm

mean_plane_d = 0.114352 mm

weighted_max_mean_d = 0.727488 mm

Final_w_T_p = 
0.999185	-0.038996	-0.006538	523.197078
0.039020	0.999210	0.009191	-165.845335
0.006164	-0.009481	0.999925	314.401837
0.000000	0.000000	0.000000	1.000000

