max_d = 3.593575 mm

max_plane_d = 3.486267 mm

mean_d = 1.285508 mm

mean_plane_d = 1.032363 mm

weighted_max_mean_d = 1.862525 mm

Final_w_T_p = 
0.991366	-0.129976	-0.014515	533.521898
0.130214	0.991275	0.018882	-176.137258
0.011961	-0.020608	0.999753	314.181239
0.000000	0.000000	0.000000	1.000000

max_d = 2.460494 mm

max_plane_d = 2.274786 mm

mean_d = 0.969230 mm

mean_plane_d = 0.698990 mm

weighted_max_mean_d = 1.342046 mm

Final_w_T_p = 
0.995049	-0.097085	-0.019042	528.792705
0.097194	0.995216	0.006230	-172.502746
0.018372	-0.008049	0.999835	312.796786
0.000000	0.000000	0.000000	1.000000

max_d = 1.101952 mm

max_plane_d = 0.297668 mm

mean_d = 0.593141 mm

mean_plane_d = 0.108141 mm

weighted_max_mean_d = 0.720344 mm

Final_w_T_p = 
0.999303	-0.035487	-0.006423	522.938851
0.035522	0.999300	0.009007	-165.345345
0.006126	-0.009228	0.999975	314.369824
0.000000	0.000000	0.000000	1.000000

max_d = 1.101952 mm

max_plane_d = 0.297668 mm

mean_d = 0.593141 mm

mean_plane_d = 0.108141 mm

weighted_max_mean_d = 0.720344 mm

Final_w_T_p = 
0.999303	-0.035487	-0.006423	522.938851
0.035522	0.999300	0.009007	-165.345345
0.006126	-0.009228	0.999975	314.369824
0.000000	0.000000	0.000000	1.000000

