max_d = 1.167629 mm

max_plane_d = 0.507130 mm

mean_d = 0.614253 mm

mean_plane_d = 0.144456 mm

weighted_max_mean_d = 0.752597 mm

Final_w_T_p = 
0.999539	-0.028605	-0.002863	522.393097
0.028679	0.999576	0.006802	-165.611672
0.002707	-0.006861	1.000008	314.494920
0.000000	0.000000	0.000000	1.000000

max_d = 1.266520 mm

max_plane_d = 0.746832 mm

mean_d = 0.662197 mm

mean_plane_d = 0.266026 mm

weighted_max_mean_d = 0.813277 mm

Final_w_T_p = 
0.999837	-0.015067	0.002400	521.390499
0.015120	0.999895	0.001120	-164.739821
-0.002376	-0.001064	1.000031	314.577156
0.000000	0.000000	0.000000	1.000000

max_d = 1.096106 mm

max_plane_d = 0.350141 mm

mean_d = 0.596498 mm

mean_plane_d = 0.125699 mm

weighted_max_mean_d = 0.721400 mm

Final_w_T_p = 
0.999468	-0.030554	-0.005842	522.726528
0.030682	0.999456	0.012972	-164.083412
0.005481	-0.013124	0.999934	314.846413
0.000000	0.000000	0.000000	1.000000

max_d = 1.101806 mm

max_plane_d = 0.508070 mm

mean_d = 0.623416 mm

mean_plane_d = 0.150785 mm

weighted_max_mean_d = 0.743014 mm

Final_w_T_p = 
0.998522	-0.053085	-0.006069	524.497025
0.053186	0.998565	0.007991	-167.530976
0.005675	-0.008282	0.999985	314.257175
0.000000	0.000000	0.000000	1.000000

