max_d = 2.495010 mm

max_plane_d = 2.403303 mm

mean_d = 0.870162 mm

mean_plane_d = 0.558658 mm

weighted_max_mean_d = 1.276374 mm

Final_w_T_p = 
0.999917	0.011505	0.002749	519.217534
-0.011567	0.999751	0.019459	-161.543015
-0.002566	-0.019515	0.999766	316.070922
0.000000	0.000000	0.000000	1.000000

max_d = 2.495010 mm

max_plane_d = 2.403303 mm

mean_d = 0.870162 mm

mean_plane_d = 0.558658 mm

weighted_max_mean_d = 1.276374 mm

Final_w_T_p = 
0.999917	0.011505	0.002749	519.217534
-0.011567	0.999751	0.019459	-161.543015
-0.002566	-0.019515	0.999766	316.070922
0.000000	0.000000	0.000000	1.000000

max_d = 1.143097 mm

max_plane_d = 0.467634 mm

mean_d = 0.580960 mm

mean_plane_d = 0.127549 mm

weighted_max_mean_d = 0.721495 mm

Final_w_T_p = 
0.999304	-0.036480	-0.006034	523.164211
0.036560	0.999213	0.015835	-163.730665
0.005410	-0.016070	0.999815	315.129356
0.000000	0.000000	0.000000	1.000000

max_d = 1.086975 mm

max_plane_d = 0.320485 mm

mean_d = 0.593974 mm

mean_plane_d = 0.110007 mm

weighted_max_mean_d = 0.717224 mm

Final_w_T_p = 
0.999231	-0.038689	-0.004125	523.161736
0.038689	0.999256	0.002421	-166.891099
0.003986	-0.002604	0.999947	313.959880
0.000000	0.000000	0.000000	1.000000

