max_d = 3.612207 mm

max_plane_d = 3.550234 mm

mean_d = 1.373129 mm

mean_plane_d = 1.177439 mm

weighted_max_mean_d = 1.932899 mm

Final_w_T_p = 
0.997860	0.064221	0.011147	514.450542
-0.064425	0.997766	0.018114	-152.412936
-0.010001	-0.018819	0.999733	316.150384
0.000000	0.000000	0.000000	1.000000

max_d = 3.612207 mm

max_plane_d = 3.550234 mm

mean_d = 1.373129 mm

mean_plane_d = 1.177439 mm

weighted_max_mean_d = 1.932899 mm

Final_w_T_p = 
0.997860	0.064221	0.011147	514.450542
-0.064425	0.997766	0.018114	-152.412936
-0.010001	-0.018819	0.999733	316.150384
0.000000	0.000000	0.000000	1.000000

max_d = 3.662361 mm

max_plane_d = 3.601111 mm

mean_d = 1.660575 mm

mean_plane_d = 1.511015 mm

weighted_max_mean_d = 2.161022 mm

Final_w_T_p = 
0.969532	-0.244350	-0.016880	544.238312
0.244915	0.967373	0.064873	-168.352696
0.000437	-0.067059	0.997709	318.872754
0.000000	0.000000	0.000000	1.000000

max_d = 3.662361 mm

max_plane_d = 3.601111 mm

mean_d = 1.660575 mm

mean_plane_d = 1.511015 mm

weighted_max_mean_d = 2.161022 mm

Final_w_T_p = 
0.969532	-0.244350	-0.016880	544.238312
0.244915	0.967373	0.064873	-168.352696
0.000437	-0.067059	0.997709	318.872754
0.000000	0.000000	0.000000	1.000000

