max_d = 2.125568 mm

max_plane_d = 1.974368 mm

mean_d = 0.835446 mm

mean_plane_d = 0.488013 mm

weighted_max_mean_d = 1.157977 mm

Final_w_T_p = 
0.996350	-0.084515	-0.007353	527.854120
0.084535	0.996374	0.005856	-171.523140
0.006858	-0.006455	0.999992	313.811630
0.000000	0.000000	0.000000	1.000000

max_d = 2.125568 mm

max_plane_d = 1.974368 mm

mean_d = 0.835446 mm

mean_plane_d = 0.488013 mm

weighted_max_mean_d = 1.157977 mm

Final_w_T_p = 
0.996350	-0.084515	-0.007353	527.854120
0.084535	0.996374	0.005856	-171.523140
0.006858	-0.006455	0.999992	313.811630
0.000000	0.000000	0.000000	1.000000

max_d = 1.133405 mm

max_plane_d = 0.582623 mm

mean_d = 0.596958 mm

mean_plane_d = 0.148560 mm

weighted_max_mean_d = 0.731070 mm

Final_w_T_p = 
0.998616	-0.051360	-0.006017	524.272648
0.051378	0.998627	0.006952	-167.739143
0.005678	-0.007250	0.999994	314.267488
0.000000	0.000000	0.000000	1.000000

max_d = 1.456288 mm

max_plane_d = 1.200022 mm

mean_d = 0.709355 mm

mean_plane_d = 0.339223 mm

weighted_max_mean_d = 0.896088 mm

Final_w_T_p = 
0.999864	-0.011547	-0.006766	521.131221
0.011535	0.999905	0.001459	-166.946932
0.006775	-0.001536	1.000012	313.235626
0.000000	0.000000	0.000000	1.000000

