max_d = 1.193139 mm

max_plane_d = 0.439383 mm

mean_d = 0.602227 mm

mean_plane_d = 0.157410 mm

weighted_max_mean_d = 0.749955 mm

Final_w_T_p = 
0.999735	-0.020458	-0.004228	521.728787
0.020526	0.999795	0.003102	-164.858842
0.004204	-0.003168	1.000021	314.029699
0.000000	0.000000	0.000000	1.000000

max_d = 1.193139 mm

max_plane_d = 0.439383 mm

mean_d = 0.602227 mm

mean_plane_d = 0.157410 mm

weighted_max_mean_d = 0.749955 mm

Final_w_T_p = 
0.999735	-0.020458	-0.004228	521.728787
0.020526	0.999795	0.003102	-164.858842
0.004204	-0.003168	1.000021	314.029699
0.000000	0.000000	0.000000	1.000000

max_d = 1.114523 mm

max_plane_d = 0.498590 mm

mean_d = 0.608465 mm

mean_plane_d = 0.151561 mm

weighted_max_mean_d = 0.734979 mm

Final_w_T_p = 
0.998352	-0.056125	-0.006678	525.094387
0.056276	0.998307	0.015506	-165.565122
0.005835	-0.015837	0.999892	315.004678
0.000000	0.000000	0.000000	1.000000

max_d = 1.153240 mm

max_plane_d = 0.411968 mm

mean_d = 0.613718 mm

mean_plane_d = 0.140860 mm

weighted_max_mean_d = 0.748599 mm

Final_w_T_p = 
0.999724	-0.020927	-0.004362	522.027407
0.021035	0.999713	0.012386	-163.141874
0.004140	-0.012454	0.999949	314.871033
0.000000	0.000000	0.000000	1.000000

