max_d = 5.546553 mm

max_plane_d = 5.499993 mm

mean_d = 1.682280 mm

mean_plane_d = 1.518508 mm

weighted_max_mean_d = 2.648349 mm

Final_w_T_p = 
0.997129	0.075155	-0.003566	511.899522
-0.075254	0.996803	-0.027522	-161.760215
0.001475	0.027672	0.999604	312.165206
0.000000	0.000000	0.000000	1.000000

max_d = 3.341172 mm

max_plane_d = 3.205983 mm

mean_d = 1.380769 mm

mean_plane_d = 1.168703 mm

weighted_max_mean_d = 1.870869 mm

Final_w_T_p = 
0.997672	0.062833	0.025097	514.150751
-0.062918	0.998035	0.001380	-155.742457
-0.024969	-0.002997	0.999673	317.572549
0.000000	0.000000	0.000000	1.000000

max_d = 1.105390 mm

max_plane_d = 0.239058 mm

mean_d = 0.580288 mm

mean_plane_d = 0.081786 mm

weighted_max_mean_d = 0.711563 mm

Final_w_T_p = 
0.999467	-0.031214	-0.005025	522.759656
0.031215	0.999502	0.006985	-165.238904
0.004795	-0.007180	0.999952	314.307112
0.000000	0.000000	0.000000	1.000000

max_d = 1.220719 mm

max_plane_d = 0.809863 mm

mean_d = 0.708145 mm

mean_plane_d = 0.354881 mm

weighted_max_mean_d = 0.836289 mm

Final_w_T_p = 
0.999940	0.004262	0.005780	519.835953
-0.004309	1.000003	0.002294	-161.570805
-0.005780	-0.002360	0.999969	315.036939
0.000000	0.000000	0.000000	1.000000

