max_d = 1.420731 mm

max_plane_d = 0.939853 mm

mean_d = 0.665162 mm

mean_plane_d = 0.288015 mm

weighted_max_mean_d = 0.854054 mm

Final_w_T_p = 
0.998836	-0.046650	-0.007642	523.504443
0.046742	0.998757	0.015568	-164.705205
0.006933	-0.015906	0.999886	314.703706
0.000000	0.000000	0.000000	1.000000

max_d = 1.420731 mm

max_plane_d = 0.939853 mm

mean_d = 0.665162 mm

mean_plane_d = 0.288015 mm

weighted_max_mean_d = 0.854054 mm

Final_w_T_p = 
0.998836	-0.046650	-0.007642	523.504443
0.046742	0.998757	0.015568	-164.705205
0.006933	-0.015906	0.999886	314.703706
0.000000	0.000000	0.000000	1.000000

max_d = 2.113805 mm

max_plane_d = 1.989303 mm

mean_d = 0.702030 mm

mean_plane_d = 0.328742 mm

weighted_max_mean_d = 1.054973 mm

Final_w_T_p = 
0.997411	-0.070252	-0.012053	524.583080
0.070419	0.997357	0.016189	-165.831506
0.010910	-0.016994	0.999832	314.644413
0.000000	0.000000	0.000000	1.000000

max_d = 1.600997 mm

max_plane_d = 1.270915 mm

mean_d = 0.624738 mm

mean_plane_d = 0.210578 mm

weighted_max_mean_d = 0.868803 mm

Final_w_T_p = 
0.997257	-0.072662	-0.010363	525.845644
0.072779	0.997223	0.013865	-167.447840
0.009353	-0.014580	0.999886	314.553756
0.000000	0.000000	0.000000	1.000000

