max_d = 2.760764 mm

max_plane_d = 2.670283 mm

mean_d = 0.844903 mm

mean_plane_d = 0.538106 mm

weighted_max_mean_d = 1.323868 mm

Final_w_T_p = 
0.999714	0.022307	0.001874	518.765308
-0.022302	0.999608	-0.017875	-164.891934
-0.002282	0.017788	0.999827	312.697435
0.000000	0.000000	0.000000	1.000000

max_d = 2.306573 mm

max_plane_d = 2.166036 mm

mean_d = 0.774781 mm

mean_plane_d = 0.422768 mm

weighted_max_mean_d = 1.157729 mm

Final_w_T_p = 
0.999954	0.004832	0.000010	519.316418
-0.004864	0.999886	-0.015343	-166.196755
-0.000094	0.015302	0.999871	312.649139
0.000000	0.000000	0.000000	1.000000

max_d = 1.329424 mm

max_plane_d = 1.072818 mm

mean_d = 0.592569 mm

mean_plane_d = 0.177824 mm

weighted_max_mean_d = 0.776783 mm

Final_w_T_p = 
0.999927	0.008751	0.000481	519.183259
-0.008782	0.999968	-0.004338	-163.653720
-0.000529	0.004293	0.999979	313.685439
0.000000	0.000000	0.000000	1.000000

max_d = 1.433683 mm

max_plane_d = 1.140953 mm

mean_d = 0.647825 mm

mean_plane_d = 0.262357 mm

weighted_max_mean_d = 0.844290 mm

Final_w_T_p = 
0.999630	0.025797	0.002064	516.855980
-0.025791	0.999543	-0.016815	-164.266240
-0.002507	0.016716	0.999845	312.584836
0.000000	0.000000	0.000000	1.000000

