max_d = 7.754491 mm

max_plane_d = 7.721667 mm

mean_d = 2.074281 mm

mean_plane_d = 1.908487 mm

weighted_max_mean_d = 3.494333 mm

Final_w_T_p = 
0.995653	-0.085120	-0.037542	517.620099
0.087402	0.994090	0.064457	-150.248832
0.031793	-0.067487	0.997173	315.596581
0.000000	0.000000	0.000000	1.000000

max_d = 7.815286 mm

max_plane_d = 7.784204 mm

mean_d = 2.084080 mm

mean_plane_d = 1.918927 mm

weighted_max_mean_d = 3.516881 mm

Final_w_T_p = 
0.995581	-0.085808	-0.037884	517.579996
0.088111	0.994029	0.064432	-150.293989
0.032089	-0.067515	0.997161	315.568729
0.000000	0.000000	0.000000	1.000000

max_d = 1.359695 mm

max_plane_d = 1.123270 mm

mean_d = 0.614569 mm

mean_plane_d = 0.232992 mm

weighted_max_mean_d = 0.800851 mm

Final_w_T_p = 
0.996387	-0.084176	-0.010238	528.275576
0.084370	0.996203	0.021771	-167.095454
0.008326	-0.022582	0.999669	315.442650
0.000000	0.000000	0.000000	1.000000

max_d = 5.010486 mm

max_plane_d = 4.938979 mm

mean_d = 1.271027 mm

mean_plane_d = 1.009761 mm

weighted_max_mean_d = 2.205892 mm

Final_w_T_p = 
0.991233	-0.132035	0.001391	536.003492
0.131615	0.988934	0.068510	-150.778140
-0.010463	-0.067755	0.997608	321.491313
0.000000	0.000000	0.000000	1.000000

