max_d = 1.244855 mm

max_plane_d = 0.573588 mm

mean_d = 0.568239 mm

mean_plane_d = 0.121396 mm

weighted_max_mean_d = 0.737393 mm

Final_w_T_p = 
0.999360	-0.033953	-0.005589	522.704912
0.034045	0.999408	0.006854	-165.534955
0.005393	-0.007020	0.999996	314.121009
0.000000	0.000000	0.000000	1.000000

max_d = 1.136115 mm

max_plane_d = 0.548769 mm

mean_d = 0.589615 mm

mean_plane_d = 0.131212 mm

weighted_max_mean_d = 0.726240 mm

Final_w_T_p = 
0.999319	-0.035275	-0.004637	523.036144
0.035340	0.999384	0.002270	-166.965526
0.004593	-0.002413	1.000022	313.804268
0.000000	0.000000	0.000000	1.000000

max_d = 1.253649 mm

max_plane_d = 0.729797 mm

mean_d = 0.582962 mm

mean_plane_d = 0.163622 mm

weighted_max_mean_d = 0.750634 mm

Final_w_T_p = 
0.997668	-0.066976	-0.008532	526.336482
0.067156	0.997633	0.015654	-166.627846
0.007502	-0.016171	0.999876	314.893392
0.000000	0.000000	0.000000	1.000000

max_d = 1.253649 mm

max_plane_d = 0.729797 mm

mean_d = 0.582962 mm

mean_plane_d = 0.163622 mm

weighted_max_mean_d = 0.750634 mm

Final_w_T_p = 
0.997668	-0.066976	-0.008532	526.336482
0.067156	0.997633	0.015654	-166.627846
0.007502	-0.016171	0.999876	314.893392
0.000000	0.000000	0.000000	1.000000

