True_T =

    1.0000         0         0  478.0508
         0    1.0000         0 -141.7436
         0         0    1.0000  312.4528
         0         0         0    1.0000

try1:

Final_T =

    1.0000   -0.0037    0.0005  478.5310
    0.0037    0.9996    0.0292 -137.1508
   -0.0007   -0.0292    0.9996  314.0943
         0         0         0    1.0000

time taken: <3 min
fval_start = 20.1037
fval_1st opt: 7.5892
fval_end = 0.8254

try2:

Final_T =

    0.9981   -0.0555   -0.0268  477.3383
    0.0574    0.9953    0.0780 -125.2145
    0.0223   -0.0794    0.9966  315.2091
         0         0         0    1.0000

time taken: <3 min
fval_start = 20.1037
fval_1st opt: 7.5892
fval_end = 1.7057

try3:

Final_T =

    1.0000   -0.0035   -0.0003  478.0406
    0.0035    1.0000    0.0045 -143.3803
    0.0003   -0.0045    1.0000  311.5941
         0         0         0    1.0000

time taken: <3 min
fval_start = 20.1037
fval_1st opt: 7.5892
fval_end = 0.6217

try4:

Final_T =

    0.9995    0.0301   -0.0056  473.0163
   -0.0300    0.9995    0.0071 -139.3316
    0.0058   -0.0069    1.0000  311.1939
         0         0         0    1.0000

time taken: <3 min
fval_start = 20.1037
fval_1st opt: 7.5892
fval_end = 0.5804