max_d = 1.196744 mm

max_plane_d = 0.518446 mm

mean_d = 0.619960 mm

mean_plane_d = 0.166421 mm

weighted_max_mean_d = 0.764156 mm

Final_w_T_p = 
0.999119	-0.040738	-0.006031	523.488979
0.040720	0.999181	0.002683	-166.750734
0.005907	-0.002968	0.999967	313.722594
0.000000	0.000000	0.000000	1.000000

max_d = 1.146889 mm

max_plane_d = 0.369797 mm

mean_d = 0.592912 mm

mean_plane_d = 0.119247 mm

weighted_max_mean_d = 0.731406 mm

Final_w_T_p = 
0.999497	-0.030320	-0.004448	522.617292
0.030298	0.999551	0.002659	-166.297520
0.004356	-0.002834	0.999975	313.915883
0.000000	0.000000	0.000000	1.000000

max_d = 1.079930 mm

max_plane_d = 0.290991 mm

mean_d = 0.588338 mm

mean_plane_d = 0.086488 mm

weighted_max_mean_d = 0.711236 mm

Final_w_T_p = 
0.999613	-0.026421	-0.002945	522.154970
0.026394	0.999663	0.002445	-165.812134
0.002869	-0.002563	0.999981	314.087328
0.000000	0.000000	0.000000	1.000000

max_d = 1.102188 mm

max_plane_d = 0.273522 mm

mean_d = 0.578552 mm

mean_plane_d = 0.074341 mm

weighted_max_mean_d = 0.709461 mm

Final_w_T_p = 
0.999481	-0.030839	-0.004482	522.683078
0.030833	0.999518	0.006369	-165.163350
0.004274	-0.006545	0.999958	314.312586
0.000000	0.000000	0.000000	1.000000

