max_d = 1.191346 mm

max_plane_d = 0.492376 mm

mean_d = 0.597119 mm

mean_plane_d = 0.124391 mm

weighted_max_mean_d = 0.745675 mm

Final_w_T_p = 
0.999766	-0.019101	-0.003128	521.706400
0.019085	0.999788	0.002008	-164.339515
0.003115	-0.002066	1.000029	313.979246
0.000000	0.000000	0.000000	1.000000

max_d = 1.164180 mm

max_plane_d = 0.459979 mm

mean_d = 0.595442 mm

mean_plane_d = 0.104379 mm

weighted_max_mean_d = 0.737627 mm

Final_w_T_p = 
0.999449	-0.031359	-0.004972	522.622944
0.031365	0.999463	0.005870	-165.587301
0.004812	-0.006021	1.000007	314.085108
0.000000	0.000000	0.000000	1.000000

max_d = 1.090961 mm

max_plane_d = 0.340335 mm

mean_d = 0.594154 mm

mean_plane_d = 0.085328 mm

weighted_max_mean_d = 0.718355 mm

Final_w_T_p = 
0.999402	-0.032848	-0.004863	522.909587
0.032849	0.999421	0.004829	-165.205664
0.004728	-0.004985	1.000013	314.073998
0.000000	0.000000	0.000000	1.000000

max_d = 1.079208 mm

max_plane_d = 0.489377 mm

mean_d = 0.578003 mm

mean_plane_d = 0.109900 mm

weighted_max_mean_d = 0.703304 mm

Final_w_T_p = 
0.999155	-0.039774	-0.003890	523.512150
0.039767	0.999172	0.004253	-166.919470
0.003745	-0.004403	1.000020	314.214849
0.000000	0.000000	0.000000	1.000000

