max_d = 1.181323 mm

max_plane_d = 0.475336 mm

mean_d = 0.595268 mm

mean_plane_d = 0.101602 mm

weighted_max_mean_d = 0.741782 mm

Final_w_T_p = 
0.999680	-0.024437	-0.004423	522.021523
0.024446	0.999699	0.004397	-165.175970
0.004273	-0.004528	0.999939	314.026275
0.000000	0.000000	0.000000	1.000000

max_d = 1.181323 mm

max_plane_d = 0.475336 mm

mean_d = 0.595268 mm

mean_plane_d = 0.101602 mm

weighted_max_mean_d = 0.741782 mm

Final_w_T_p = 
0.999680	-0.024437	-0.004423	522.021523
0.024446	0.999699	0.004397	-165.175970
0.004273	-0.004528	0.999939	314.026275
0.000000	0.000000	0.000000	1.000000

max_d = 1.199058 mm

max_plane_d = 0.717138 mm

mean_d = 0.626616 mm

mean_plane_d = 0.189219 mm

weighted_max_mean_d = 0.769727 mm

Final_w_T_p = 
0.999958	0.007668	0.001116	518.725379
-0.007673	0.999968	-0.004466	-163.853643
-0.001192	0.004433	0.999948	313.837271
0.000000	0.000000	0.000000	1.000000

max_d = 1.057401 mm

max_plane_d = 0.364705 mm

mean_d = 0.579605 mm

mean_plane_d = 0.085037 mm

weighted_max_mean_d = 0.699054 mm

Final_w_T_p = 
0.999217	-0.038939	-0.004999	523.457169
0.038962	0.999224	0.006846	-166.338305
0.004687	-0.007061	0.999923	314.311881
0.000000	0.000000	0.000000	1.000000

