max_d = 1.161548 mm

max_plane_d = 0.402014 mm

mean_d = 0.591336 mm

mean_plane_d = 0.118924 mm

weighted_max_mean_d = 0.733889 mm

Final_w_T_p = 
0.999410	-0.032516	-0.005065	522.788737
0.032588	0.999474	0.003424	-166.375742
0.004991	-0.003568	1.000016	313.890377
0.000000	0.000000	0.000000	1.000000

max_d = 1.161548 mm

max_plane_d = 0.402014 mm

mean_d = 0.591336 mm

mean_plane_d = 0.118924 mm

weighted_max_mean_d = 0.733889 mm

Final_w_T_p = 
0.999410	-0.032516	-0.005065	522.788737
0.032588	0.999474	0.003424	-166.375742
0.004991	-0.003568	1.000016	313.890377
0.000000	0.000000	0.000000	1.000000

max_d = 1.138567 mm

max_plane_d = 0.250767 mm

mean_d = 0.585459 mm

mean_plane_d = 0.082148 mm

weighted_max_mean_d = 0.723736 mm

Final_w_T_p = 
0.999583	-0.026904	-0.003885	522.217504
0.026974	0.999638	0.004208	-165.398944
0.003810	-0.004291	1.000019	314.148182
0.000000	0.000000	0.000000	1.000000

max_d = 1.125208 mm

max_plane_d = 0.239528 mm

mean_d = 0.597516 mm

mean_plane_d = 0.083334 mm

weighted_max_mean_d = 0.729439 mm

Final_w_T_p = 
0.999364	-0.033862	-0.005458	522.891322
0.033958	0.999404	0.007769	-165.406232
0.005231	-0.007929	0.999990	314.322251
0.000000	0.000000	0.000000	1.000000

