max_d = 1.178984 mm

max_plane_d = 0.515938 mm

mean_d = 0.626115 mm

mean_plane_d = 0.201487 mm

weighted_max_mean_d = 0.764332 mm

Final_w_T_p = 
0.999141	-0.039746	-0.006395	523.585934
0.039823	0.999212	0.003594	-167.222325
0.006287	-0.003826	1.000008	313.851991
0.000000	0.000000	0.000000	1.000000

max_d = 1.463076 mm

max_plane_d = 1.133750 mm

mean_d = 0.718297 mm

mean_plane_d = 0.355641 mm

weighted_max_mean_d = 0.904492 mm

Final_w_T_p = 
0.998550	-0.052341	-0.007821	523.897403
0.052541	0.998434	0.019844	-164.990711
0.006808	-0.020206	0.999807	315.033171
0.000000	0.000000	0.000000	1.000000

max_d = 1.166103 mm

max_plane_d = 0.565386 mm

mean_d = 0.617361 mm

mean_plane_d = 0.156962 mm

weighted_max_mean_d = 0.754546 mm

Final_w_T_p = 
0.997982	-0.062241	-0.007715	525.824320
0.062384	0.997991	0.012185	-167.203652
0.006980	-0.012622	0.999931	314.514400
0.000000	0.000000	0.000000	1.000000

max_d = 1.100538 mm

max_plane_d = 0.400422 mm

mean_d = 0.602947 mm

mean_plane_d = 0.141560 mm

weighted_max_mean_d = 0.727345 mm

Final_w_T_p = 
0.999897	-0.010633	-0.000511	520.427519
0.010688	0.999953	-0.000283	-164.741235
0.000555	0.000297	1.000035	314.020464
0.000000	0.000000	0.000000	1.000000

