max_d = 2.764528 mm

max_plane_d = 2.631832 mm

mean_d = 0.992075 mm

mean_plane_d = 0.707413 mm

weighted_max_mean_d = 1.435188 mm

Final_w_T_p = 
0.998737	0.049731	0.004928	515.358161
-0.049784	0.998726	0.009152	-156.325418
-0.004508	-0.009412	0.999905	315.356628
0.000000	0.000000	0.000000	1.000000

max_d = 2.764528 mm

max_plane_d = 2.631832 mm

mean_d = 0.992075 mm

mean_plane_d = 0.707413 mm

weighted_max_mean_d = 1.435188 mm

Final_w_T_p = 
0.998737	0.049731	0.004928	515.358161
-0.049784	0.998726	0.009152	-156.325418
-0.004508	-0.009412	0.999905	315.356628
0.000000	0.000000	0.000000	1.000000

max_d = 1.158462 mm

max_plane_d = 0.574131 mm

mean_d = 0.617501 mm

mean_plane_d = 0.163261 mm

weighted_max_mean_d = 0.752742 mm

Final_w_T_p = 
0.998104	-0.060856	-0.007941	525.326959
0.060916	0.998107	0.009189	-168.114493
0.007325	-0.009680	0.999885	314.211464
0.000000	0.000000	0.000000	1.000000

max_d = 1.067052 mm

max_plane_d = 0.320109 mm

mean_d = 0.587335 mm

mean_plane_d = 0.090351 mm

weighted_max_mean_d = 0.707264 mm

Final_w_T_p = 
0.999187	-0.039614	-0.005788	523.457701
0.039638	0.999203	0.006084	-166.207724
0.005500	-0.006334	0.999924	314.104528
0.000000	0.000000	0.000000	1.000000

