max_d = 1.199812 mm

max_plane_d = 0.435883 mm

mean_d = 0.608113 mm

mean_plane_d = 0.149128 mm

weighted_max_mean_d = 0.756038 mm

Final_w_T_p = 
0.999784	-0.018222	-0.002460	521.493642
0.018212	0.999793	0.005220	-163.959095
0.002391	-0.005262	1.000019	314.406754
0.000000	0.000000	0.000000	1.000000

max_d = 1.238396 mm

max_plane_d = 0.551017 mm

mean_d = 0.594632 mm

mean_plane_d = 0.133837 mm

weighted_max_mean_d = 0.755573 mm

Final_w_T_p = 
0.999486	-0.030004	-0.005803	522.554171
0.030027	0.999489	0.007961	-165.355578
0.005588	-0.008130	0.999988	314.142409
0.000000	0.000000	0.000000	1.000000

max_d = 1.127601 mm

max_plane_d = 0.577313 mm

mean_d = 0.625639 mm

mean_plane_d = 0.154456 mm

weighted_max_mean_d = 0.751129 mm

Final_w_T_p = 
0.999942	-0.004566	-0.001175	520.378070
0.004551	0.999943	0.006264	-162.282734
0.001173	-0.006267	1.000016	314.624248
0.000000	0.000000	0.000000	1.000000

max_d = 2.278198 mm

max_plane_d = 2.112937 mm

mean_d = 0.909950 mm

mean_plane_d = 0.587077 mm

weighted_max_mean_d = 1.252012 mm

Final_w_T_p = 
0.986857	-0.159143	-0.026464	535.044234
0.159893	0.986638	0.030285	-175.518273
0.021317	-0.034118	0.999227	314.634039
0.000000	0.000000	0.000000	1.000000

