max_d = 1.221955 mm

max_plane_d = 0.515139 mm

mean_d = 0.608248 mm

mean_plane_d = 0.147336 mm

weighted_max_mean_d = 0.761674 mm

Final_w_T_p = 
0.999339	-0.035202	-0.004183	522.614468
0.035181	0.999389	0.003297	-165.954365
0.004054	-0.003484	0.999975	313.969756
0.000000	0.000000	0.000000	1.000000

max_d = 1.221955 mm

max_plane_d = 0.515139 mm

mean_d = 0.608248 mm

mean_plane_d = 0.147336 mm

weighted_max_mean_d = 0.761674 mm

Final_w_T_p = 
0.999339	-0.035202	-0.004183	522.614468
0.035181	0.999389	0.003297	-165.954365
0.004054	-0.003484	0.999975	313.969756
0.000000	0.000000	0.000000	1.000000

max_d = 1.095603 mm

max_plane_d = 0.450357 mm

mean_d = 0.590764 mm

mean_plane_d = 0.112318 mm

weighted_max_mean_d = 0.716974 mm

Final_w_T_p = 
0.999159	-0.039952	-0.004466	523.332616
0.039958	0.999168	0.009669	-166.089093
0.004067	-0.009881	0.999932	314.647695
0.000000	0.000000	0.000000	1.000000

max_d = 1.481602 mm

max_plane_d = 1.139017 mm

mean_d = 0.677286 mm

mean_plane_d = 0.263836 mm

weighted_max_mean_d = 0.878365 mm

Final_w_T_p = 
0.999387	0.033971	0.000834	516.611467
-0.034003	0.999438	-0.000208	-159.413097
-0.000850	0.000138	0.999988	314.186324
0.000000	0.000000	0.000000	1.000000

