T1:

    0.9994   -0.0214   -0.0257  478.4168
    0.0214    0.9998   -0.0015 -150.7013
    0.0257    0.0009    0.9997  318.4602
         0         0         0    1.0000

T2:

    0.9965    0.0667    0.0505  474.1740
   -0.0676    0.9976    0.0173 -135.5993
   -0.0492   -0.0206    0.9986  308.7845
         0         0         0    1.0000

T3:

    0.9830   -0.1150    0.1428  478.0404
    0.1250    0.9901   -0.0635 -143.4438
   -0.1341    0.0803    0.9877  312.7779
         0         0         0    1.0000

T4:

    0.9994    0.0201    0.0272  480.9904
   -0.0226    0.9953    0.0942 -146.0414
   -0.0252   -0.0947    0.9952  313.9695
         0         0         0    1.0000

T5:

    0.9964   -0.0230   -0.0821  477.9658
    0.0281    0.9977    0.0621 -137.4346
    0.0805   -0.0642    0.9947  317.7837
         0         0         0    1.0000         

T6:
    0.9915   -0.0905   -0.0936  472.2536
    0.0966    0.9933    0.0636 -138.3261
    0.0872   -0.0721    0.9936  315.6703
         0         0         0    1.0000

T7:

    0.9970   -0.0137   -0.0762  480.9422
    0.0127    0.9998   -0.0134 -146.0501
    0.0764    0.0124    0.9970  311.6714
         0         0         0    1.0000

T8:

    0.9994    0.0273    0.0235  482.5358
   -0.0276    0.9996    0.0110 -139.9001
   -0.0231   -0.0116    0.9997  304.3676
         0         0         0    1.0000 

T9:

    0.9949    -0.007    0.1010  469.3457
    0.0078    0.9999   -0.0080 -147.1221
   -0.1010    0.0087    0.9949  312.8431
         0         0         0    1.0000

T10:

    0.9995    0.0299    0.0064  480.6698
   -0.0289    0.9921   -0.1221 -148.3946
   -0.0100    0.1219    0.9925  310.6153
         0         0         0    1.0000