max_d = 3.169052 mm

max_plane_d = 3.058759 mm

mean_d = 1.141170 mm

mean_plane_d = 0.850681 mm

weighted_max_mean_d = 1.648140 mm

Final_w_T_p = 
0.998108	0.060854	-0.002495	513.159397
-0.060882	0.998162	0.000891	-154.183757
0.002535	-0.000779	0.999985	313.914261
0.000000	0.000000	0.000000	1.000000

max_d = 2.250672 mm

max_plane_d = 2.080299 mm

mean_d = 1.152882 mm

mean_plane_d = 0.925523 mm

weighted_max_mean_d = 1.427329 mm

Final_w_T_p = 
0.999777	0.005421	0.018654	518.924440
-0.005567	0.999982	0.005943	-163.242701
-0.018631	-0.006087	0.999797	316.874336
0.000000	0.000000	0.000000	1.000000

max_d = 1.080086 mm

max_plane_d = 0.352844 mm

mean_d = 0.578121 mm

mean_plane_d = 0.089375 mm

weighted_max_mean_d = 0.703612 mm

Final_w_T_p = 
0.999237	-0.037879	-0.005025	523.301449
0.037880	0.999271	0.007101	-166.374334
0.004742	-0.007327	0.999951	314.311761
0.000000	0.000000	0.000000	1.000000

max_d = 1.080086 mm

max_plane_d = 0.352844 mm

mean_d = 0.578121 mm

mean_plane_d = 0.089375 mm

weighted_max_mean_d = 0.703612 mm

Final_w_T_p = 
0.999237	-0.037879	-0.005025	523.301449
0.037880	0.999271	0.007101	-166.374334
0.004742	-0.007327	0.999951	314.311761
0.000000	0.000000	0.000000	1.000000

