max_d = 1.132990 mm

max_plane_d = 0.563433 mm

mean_d = 0.583897 mm

mean_plane_d = 0.130964 mm

weighted_max_mean_d = 0.721170 mm

Final_w_T_p = 
0.999501	-0.030811	-0.004920	522.697370
0.030841	0.999495	0.008523	-165.191934
0.004613	-0.008696	0.999910	314.335939
0.000000	0.000000	0.000000	1.000000

max_d = 1.184144 mm

max_plane_d = 0.658710 mm

mean_d = 0.609360 mm

mean_plane_d = 0.165576 mm

weighted_max_mean_d = 0.753056 mm

Final_w_T_p = 
0.999734	-0.022253	-0.003640	521.751797
0.022262	0.999745	0.005452	-165.427255
0.003476	-0.005557	0.999937	314.111213
0.000000	0.000000	0.000000	1.000000

max_d = 1.123692 mm

max_plane_d = 0.368870 mm

mean_d = 0.609603 mm

mean_plane_d = 0.094324 mm

weighted_max_mean_d = 0.738125 mm

Final_w_T_p = 
0.999012	-0.043809	-0.005660	523.912298
0.043851	0.998999	0.009557	-166.135317
0.005194	-0.009821	0.999897	314.489001
0.000000	0.000000	0.000000	1.000000

max_d = 1.221686 mm

max_plane_d = 0.541008 mm

mean_d = 0.623142 mm

mean_plane_d = 0.124931 mm

weighted_max_mean_d = 0.772778 mm

Final_w_T_p = 
0.998571	-0.052829	-0.006560	524.718764
0.052906	0.998505	0.014187	-166.012157
0.005759	-0.014539	0.999837	314.916103
0.000000	0.000000	0.000000	1.000000

