max_d = 1.150286 mm

max_plane_d = 0.386678 mm

mean_d = 0.607832 mm

mean_plane_d = 0.136943 mm

weighted_max_mean_d = 0.743445 mm

Final_w_T_p = 
0.999485	-0.030299	-0.003952	522.663783
0.030362	0.999548	0.001991	-166.643338
0.003929	-0.002090	1.000025	313.913902
0.000000	0.000000	0.000000	1.000000

max_d = 1.150286 mm

max_plane_d = 0.386678 mm

mean_d = 0.607832 mm

mean_plane_d = 0.136943 mm

weighted_max_mean_d = 0.743445 mm

Final_w_T_p = 
0.999485	-0.030299	-0.003952	522.663783
0.030362	0.999548	0.001991	-166.643338
0.003929	-0.002090	1.000025	313.913902
0.000000	0.000000	0.000000	1.000000

max_d = 1.104437 mm

max_plane_d = 0.263998 mm

mean_d = 0.568559 mm

mean_plane_d = 0.078101 mm

weighted_max_mean_d = 0.702529 mm

Final_w_T_p = 
0.999499	-0.029838	-0.003992	522.623979
0.029913	0.999551	0.005000	-165.499080
0.003881	-0.005097	1.000015	314.221779
0.000000	0.000000	0.000000	1.000000

max_d = 1.105226 mm

max_plane_d = 0.356325 mm

mean_d = 0.589816 mm

mean_plane_d = 0.100775 mm

weighted_max_mean_d = 0.718668 mm

Final_w_T_p = 
0.999010	-0.043041	-0.005434	523.723947
0.043126	0.999064	0.005820	-166.963227
0.005218	-0.006029	1.000003	314.124676
0.000000	0.000000	0.000000	1.000000

