max_d = 1.478539 mm

max_plane_d = 1.294894 mm

mean_d = 0.726070 mm

mean_plane_d = 0.388008 mm

weighted_max_mean_d = 0.914187 mm

Final_w_T_p = 
0.999052	-0.042395	-0.002469	523.578466
0.042333	0.998979	-0.013843	-171.393705
0.003080	0.013726	0.999937	312.512848
0.000000	0.000000	0.000000	1.000000

max_d = 1.478539 mm

max_plane_d = 1.294894 mm

mean_d = 0.726070 mm

mean_plane_d = 0.388008 mm

weighted_max_mean_d = 0.914187 mm

Final_w_T_p = 
0.999052	-0.042395	-0.002469	523.578466
0.042333	0.998979	-0.013843	-171.393705
0.003080	0.013726	0.999937	312.512848
0.000000	0.000000	0.000000	1.000000

max_d = 1.589792 mm

max_plane_d = 1.422279 mm

mean_d = 0.907005 mm

mean_plane_d = 0.617602 mm

weighted_max_mean_d = 1.077702 mm

Final_w_T_p = 
0.998531	-0.052998	-0.005918	525.383763
0.053181	0.997643	0.042708	-156.638153
0.003668	-0.042959	0.999106	317.538465
0.000000	0.000000	0.000000	1.000000

max_d = 5.182400 mm

max_plane_d = 5.157909 mm

mean_d = 1.633531 mm

mean_plane_d = 1.410097 mm

weighted_max_mean_d = 2.520749 mm

Final_w_T_p = 
0.997317	-0.047507	-0.054836	522.163255
0.052831	0.993501	0.100548	-146.959345
0.049729	-0.103173	0.993456	316.454449
0.000000	0.000000	0.000000	1.000000

